1.000000000 0.000000000 0.000000000 0.000000000 0.000000000 1.000000000 0.000000000 0.000000000 0.000000000 0.000000000 1.000000000 0.000000000
1.000000000 -0.000168954 0.000064185 -0.011505725 0.000168863 0.999998987 0.001423186 -0.013469028 -0.000064425 -0.001423175 0.999998987 1.319365978
0.999998569 -0.001576284 -0.000523064 -0.014183030 0.001577233 0.999997079 0.001819085 -0.039725643 0.000520195 -0.001819907 0.999998212 2.618329763
0.999995649 -0.002896545 -0.000574620 -0.017406330 0.002897040 0.999995410 0.000861735 -0.056954086 0.000572121 -0.000863396 0.999999464 3.930163145
0.999995291 -0.003029600 -0.000544925 -0.026710635 0.003030145 0.999994934 0.001001364 -0.076256849 0.000541888 -0.001003011 0.999999344 5.249228954
0.999993086 -0.003672038 -0.000608599 -0.025263287 0.003673234 0.999991298 0.001975107 -0.100596540 0.000601341 -0.001977329 0.999997854 6.578452110
0.999986529 -0.005180407 -0.000374433 -0.035000995 0.005181515 0.999981999 0.003019967 -0.115631796 0.000358782 -0.003021867 0.999995351 7.889825821
0.999988854 -0.004697281 -0.000458769 -0.043260176 0.004698909 0.999982417 0.003615439 -0.135731995 0.000441778 -0.003617554 0.999993384 9.239188194
0.999993026 -0.003665339 -0.000764538 -0.048358515 0.003666586 0.999991953 0.001636458 -0.151971206 0.000758534 -0.001639249 0.999998450 10.590910912
0.999998748 -0.001281121 -0.000906528 -0.060534827 0.001280970 0.999999166 -0.000166763 -0.177334815 0.000906741 0.000165602 0.999999583 11.916596413
0.999996364 0.002630363 -0.000530662 -0.080420084 -0.002630892 0.999996066 -0.000999238 -0.200253502 0.000528032 0.001000630 0.999999285 13.255745888
0.999989390 0.004600856 -0.000312013 -0.100401171 -0.004601215 0.999988675 -0.001163603 -0.222230554 0.000306656 0.001165026 0.999999225 14.600973129
0.999982893 0.005820455 -0.000596805 -0.103199892 -0.005820625 0.999982953 -0.000283854 -0.242169678 0.000595143 0.000287323 0.999999821 15.954106331
0.999994397 0.003342597 0.000289324 -0.116453819 -0.003343293 0.999991357 0.002441193 -0.265347153 -0.000281162 -0.002442146 0.999996960 17.315134048
0.999999344 -0.001047001 0.000442830 -0.119974487 0.001045022 0.999989510 0.004446249 -0.287021041 -0.000447481 -0.004445783 0.999989986 18.666013718
0.999995649 -0.002966976 -0.000011294 -0.118373841 0.002966991 0.999993801 0.001856319 -0.299142271 0.000005786 -0.001856344 0.999998271 20.030305862
0.999988019 -0.004892156 0.000100214 -0.127748609 0.004892091 0.999987841 0.000645425 -0.334221750 -0.000103371 -0.000644927 0.999999762 21.384973526
0.999996781 -0.002258491 0.001112882 -0.147103071 0.002259611 0.999996960 -0.001006036 -0.351974338 -0.001110607 0.001008547 0.999998868 22.731145859
0.999998331 0.000315189 0.001761019 -0.153414756 -0.000316731 0.999999583 0.000875161 -0.367820293 -0.001760742 -0.000875718 0.999998093 24.116998672
0.999997199 0.000961957 0.002173414 -0.159615323 -0.000971564 0.999989867 0.004423317 -0.387144476 -0.002169137 -0.004425417 0.999987900 25.482814789
0.999995828 -0.001405523 0.002510855 -0.155170843 0.001388933 0.999977350 0.006596820 -0.400060296 -0.002520070 -0.006593305 0.999975145 26.869094849
0.999977171 -0.006440141 0.002011567 -0.147198260 0.006430457 0.999967873 0.004783886 -0.422515273 -0.002042311 -0.004770842 0.999986470 28.258079529
0.999975562 -0.006645669 0.002163834 -0.153946504 0.006640418 0.999974966 0.002425299 -0.435575306 -0.002179897 -0.002410871 0.999994636 29.628164291
0.999972105 -0.006873608 0.002925399 -0.155094117 0.006873976 0.999976397 -0.000116027 -0.455446959 -0.002924532 0.000136133 0.999995708 31.006050110
0.999986291 -0.003530712 0.003857506 -0.171568483 0.003532524 0.999993742 -0.000463051 -0.480111331 -0.003855847 0.000476671 0.999992430 32.386558533
0.999988437 -0.002336409 0.004208701 -0.176978245 0.002348897 0.999992788 -0.002964759 -0.504287064 -0.004201744 0.002974610 0.999986708 33.750934601
0.999988675 -0.001766245 0.004418776 -0.178918898 0.001776790 0.999995649 -0.002383694 -0.527405202 -0.004414546 0.002391518 0.999987364 35.130897522
0.999991238 -0.001339870 0.003968616 -0.183573723 0.001344343 0.999998450 -0.001124631 -0.552210689 -0.003967102 0.001129956 0.999991417 36.530879974
0.999993801 -0.000097283 0.003533661 -0.188768089 0.000095311 0.999999881 0.000558256 -0.575063884 -0.003533716 -0.000557916 0.999993563 37.930850983
0.999988496 0.002709379 0.003961502 -0.201293334 -0.002713925 0.999995589 0.001142728 -0.605652153 -0.003958389 -0.001153466 0.999991477 39.317352295
0.999978065 0.005021716 0.004328369 -0.208919048 -0.005025515 0.999986947 0.000867524 -0.627963424 -0.004323956 -0.000889258 0.999990225 40.710815430
0.999967277 0.007008059 0.004045703 -0.212806910 -0.007012581 0.999974728 0.001104721 -0.645115376 -0.004037860 -0.001133055 0.999991179 42.130912781
0.999965549 0.007473217 0.003640396 -0.210878536 -0.007478693 0.999970853 0.001492938 -0.671266735 -0.003629134 -0.001520112 0.999992251 43.519210815
0.999972582 0.006547001 0.003494738 -0.223384097 -0.006550968 0.999977827 0.001124724 -0.691385031 -0.003487297 -0.001147587 0.999993205 44.957530975
0.999978542 0.005951229 0.002766327 -0.226316273 -0.005953693 0.999981880 0.000883547 -0.712690532 -0.002761018 -0.000899998 0.999995708 46.358367920
0.999985695 0.005016424 0.001862454 -0.230474755 -0.005018082 0.999987006 0.000886213 -0.732570052 -0.001857984 -0.000895546 0.999997854 47.768215179
0.999984145 0.005592408 0.000614476 -0.234160319 -0.005593732 0.999981940 0.002175469 -0.754206419 -0.000602299 -0.002178872 0.999997497 49.186500549
0.999985576 0.005326131 -0.000664616 -0.241758138 -0.005324865 0.999984026 0.001890532 -0.775759459 0.000674674 -0.001886966 0.999997973 50.601921082
0.999983370 0.005472957 -0.001828665 -0.255710632 -0.005468755 0.999982357 0.002294980 -0.792922556 0.001841193 -0.002284942 0.999995708 52.010452271
0.999980569 0.005424250 -0.003055133 -0.270693600 -0.005413488 0.999979138 0.003519801 -0.817364872 0.003074161 -0.003503194 0.999989152 53.417282104
0.999984026 0.004307593 -0.003654548 -0.283901662 -0.004291732 0.999981403 0.004336693 -0.833667219 0.003673161 -0.004320940 0.999983966 54.848682404
0.999989927 0.001856463 -0.004082114 -0.295530379 -0.001836940 0.999986827 0.004781283 -0.856494904 0.004090936 -0.004773736 0.999980211 56.292884827
0.999988496 -0.000384425 -0.004782073 -0.302649856 0.000404226 0.999991298 0.004140409 -0.872164726 0.004780440 -0.004142294 0.999979913 57.716510773
0.999987543 -0.001699831 -0.004680044 -0.321542829 0.001721757 0.999987543 0.004685095 -0.896675587 0.004672021 -0.004693095 0.999978065 59.121650696
0.999987006 -0.003007864 -0.004104874 -0.334198773 0.003029289 0.999981761 0.005223254 -0.911938965 0.004089088 -0.005235622 0.999977946 60.549255371
0.999984205 -0.004087643 -0.003864629 -0.346111387 0.004110072 0.999974608 0.005813613 -0.930114031 0.003840767 -0.005829404 0.999975622 61.977397919
0.999975979 -0.006090350 -0.003277667 -0.358410567 0.006108213 0.999966323 0.005467653 -0.945827842 0.003244257 -0.005487543 0.999979675 63.378265381
0.999969661 -0.007300148 -0.002720380 -0.372576535 0.007312275 0.999963164 0.004475053 -0.966150224 0.002687612 -0.004494809 0.999986291 64.786758423
0.999970853 -0.007303644 -0.002235018 -0.376834512 0.007313507 0.999963403 0.004437022 -0.984035611 0.002202529 -0.004453239 0.999987721 66.200843811
0.999981880 -0.005849611 -0.001397856 -0.387265354 0.005855309 0.999974430 0.004108678 -1.006697059 0.001373786 -0.004116789 0.999990582 67.617843628
0.999996424 -0.002529043 -0.000893972 -0.401358902 0.002533615 0.999983549 0.005150211 -1.021488667 0.000880932 -0.005152457 0.999986291 69.010375977
0.999999821 0.000645078 0.000000120 -0.417086065 -0.000645066 0.999979496 0.006373299 -1.040610075 0.000003991 -0.006373296 0.999979734 70.404190063
0.999987781 0.004879654 0.000788414 -0.433842301 -0.004885192 0.999962270 0.007182076 -1.063570142 -0.000753338 -0.007185840 0.999973893 71.801300049
0.999955475 0.009356167 0.001257462 -0.447590709 -0.009364523 0.999932945 0.006812304 -1.078229785 -0.001193641 -0.006823776 0.999975979 73.199401855
0.999922276 0.012260447 0.002257550 -0.468967855 -0.012273818 0.999906540 0.006007516 -1.093137145 -0.002183684 -0.006034757 0.999979377 74.589508057
0.999900281 0.013825379 0.002882090 -0.475025684 -0.013842499 0.999886155 0.006007240 -1.111514568 -0.002798710 -0.006046535 0.999977827 75.983055115
0.999902904 0.013638491 0.002836964 -0.477442205 -0.013656198 0.999886811 0.006318443 -1.124669194 -0.002750469 -0.006356572 0.999976039 77.392639160
0.999908864 0.013122182 0.003164755 -0.485912889 -0.013140778 0.999896049 0.005928482 -1.141137004 -0.003086631 -0.005969529 0.999977469 78.779129028
0.999924839 0.011847181 0.003151014 -0.492587924 -0.011862919 0.999917030 0.005024396 -1.163379431 -0.003091227 -0.005061400 0.999982417 80.140731812
0.999933243 0.011140483 0.003023753 -0.505630076 -0.011156002 0.999924421 0.005164821 -1.175617814 -0.002965985 -0.005198210 0.999982119 81.518341064
0.999937356 0.010943332 0.002358118 -0.498955756 -0.010955275 0.999926925 0.005111742 -1.198116899 -0.002302007 -0.005137255 0.999984086 82.901924133
0.999945343 0.010335722 0.001590296 -0.498385996 -0.010342894 0.999936104 0.004568498 -1.211908817 -0.001542975 -0.004584697 0.999988317 84.268112183
0.999947309 0.010225504 0.000836409 -0.516657293 -0.010229494 0.999935567 0.004915250 -1.219533682 -0.000786094 -0.004923548 0.999987543 85.636138916
0.999948561 0.010137979 -0.000025639 -0.513572216 -0.010137659 0.999931633 0.005824027 -1.245965838 0.000084681 -0.005823467 0.999983072 86.969749451
0.999970973 0.007474217 -0.001496339 -0.514641047 -0.007463856 0.999948919 0.006814114 -1.266463161 0.001547193 -0.006802748 0.999975622 88.365974426
0.999984026 0.004983369 -0.002674046 -0.526606023 -0.004964118 0.999962091 0.007158150 -1.276069522 0.002709616 -0.007144761 0.999970794 89.737937927
0.999990761 0.002875403 -0.003199192 -0.538791955 -0.002850637 0.999966145 0.007719168 -1.306275129 0.003221280 -0.007709976 0.999965072 91.070449829
0.999992013 0.001879590 -0.003537073 -0.552305758 -0.001856122 0.999976337 0.006627170 -1.313014746 0.003549445 -0.006620551 0.999971747 92.458038330
0.999991775 0.001001679 -0.003911556 -0.560501397 -0.000976060 0.999978125 0.006546282 -1.336986661 0.003918029 -0.006542411 0.999970913 93.780700684
0.999989986 0.001096269 -0.004345960 -0.571966708 -0.001069950 0.999981105 0.006053653 -1.353279710 0.004352513 -0.006048941 0.999972224 95.149917603
0.999992669 0.000992653 -0.003699298 -0.593832791 -0.000972187 0.999984264 0.005530122 -1.370400906 0.003704729 -0.005526486 0.999977887 96.511016846
0.999989331 0.001962775 -0.004185182 -0.602719605 -0.001941508 0.999985218 0.005079709 -1.393148184 0.004195091 -0.005071529 0.999978423 97.848175049
0.999989629 0.003250638 -0.003189094 -0.631691515 -0.003234621 0.999982178 0.005014773 -1.404171348 0.003205338 -0.005004405 0.999982357 99.185531616
0.999988317 0.004029105 -0.002680623 -0.648297191 -0.004011371 0.999970257 0.006588471 -1.421196699 0.002707089 -0.006577641 0.999974787 100.541587830
0.999985754 0.004683548 -0.002537431 -0.667225003 -0.004663035 0.999956906 0.008030556 -1.442357421 0.002574933 -0.008018610 0.999964535 101.856536865
0.999988675 0.004217728 -0.002210520 -0.680379808 -0.004202971 0.999969125 0.006638781 -1.453836203 0.002238452 -0.006629415 0.999975562 103.202613831
0.999987662 0.004529748 -0.002044697 -0.698049486 -0.004521215 0.999981105 0.004158628 -1.473769784 0.002063496 -0.004149333 0.999989271 104.499588013
0.999989867 0.003842350 -0.002341796 -0.705501020 -0.003835065 0.999987781 0.003107751 -1.490620732 0.002353708 -0.003098740 0.999992490 105.842025757
0.999996483 0.001490721 -0.002191155 -0.712807298 -0.001481437 0.999990046 0.004233005 -1.511239886 0.002197444 -0.004229746 0.999988616 107.176727295
0.999998808 -0.001086031 -0.001117219 -0.724829674 0.001092918 0.999980271 0.006181682 -1.527107120 0.001110484 -0.006182895 0.999980211 108.523178101
0.999996066 -0.002710064 -0.000701618 -0.726514459 0.002714777 0.999973059 0.006806878 -1.542598844 0.000683152 -0.006808756 0.999976516 109.859069824
0.999993920 -0.003484346 0.000179183 -0.733599663 0.003483308 0.999978781 0.005501975 -1.558094740 -0.000198350 -0.005501318 0.999984741 111.174438477
0.999998152 -0.001759835 0.000770556 -0.740406215 0.001757304 0.999993026 0.003273914 -1.579586506 -0.000776313 -0.003272554 0.999994278 112.517036438
0.999997318 0.000538991 0.002257508 -0.749810696 -0.000541128 0.999999404 0.000945784 -1.596076965 -0.002256997 -0.000947003 0.999997020 113.851097107
0.999986768 0.003915385 0.003328828 -0.757694721 -0.003918848 0.999991775 0.001034485 -1.616797328 -0.003324750 -0.001047517 0.999993920 115.163757324
0.999978065 0.004751546 0.004606080 -0.758433461 -0.004766383 0.999983430 0.003215529 -1.640234590 -0.004590725 -0.003237413 0.999984205 116.513725281
0.999969304 0.004901947 0.006107866 -0.766211450 -0.004933590 0.999974549 0.005176364 -1.655077219 -0.006082335 -0.005206339 0.999967933 117.846580505
0.999964297 0.004333411 0.007253393 -0.765499175 -0.004375038 0.999974012 0.005732900 -1.669255018 -0.007228361 -0.005764430 0.999957263 119.184501648
0.999955952 0.004781989 0.008065588 -0.758557260 -0.004823473 0.999975204 0.005131765 -1.682961583 -0.008040848 -0.005170444 0.999954224 120.531257629
0.999930084 0.006712659 0.009732760 -0.755017281 -0.006758000 0.999966443 0.004633116 -1.699720263 -0.009701334 -0.004698567 0.999941885 121.872329712
0.999904275 0.008773982 0.010691022 -0.755821884 -0.008818964 0.999952435 0.004167516 -1.714011788 -0.010653948 -0.004261401 0.999934077 123.217269897
0.999888420 0.008923055 0.011976321 -0.747940898 -0.008963160 0.999954402 0.003299305 -1.730553269 -0.011946335 -0.003406283 0.999922812 124.565589905
0.999858379 0.010886652 0.012833077 -0.743449569 -0.010918539 0.999937475 0.002417224 -1.752278447 -0.012805961 -0.002557001 0.999914706 125.910507202
0.999857068 0.009919931 0.013690947 -0.734261155 -0.009948016 0.999948621 0.001984749 -1.762611747 -0.013670554 -0.002120663 0.999904275 127.270599365
0.999848843 0.009349597 0.014654760 -0.722084045 -0.009402521 0.999949515 0.003546690 -1.792128682 -0.014620861 -0.003683946 0.999886334 128.622161865
0.999835372 0.008850503 0.015841696 -0.715999842 -0.008914692 0.999952316 0.003985929 -1.807247162 -0.015805664 -0.004126497 0.999866545 129.939254761
0.999836624 0.007541423 0.016425941 -0.708216071 -0.007615776 0.999961138 0.004468751 -1.821721554 -0.016391600 -0.004593118 0.999855042 131.333877563
0.999850690 0.005285936 0.016448548 -0.684746146 -0.005360339 0.999975622 0.004482539 -1.837992668 -0.016424455 -0.004570040 0.999854684 132.679092407
0.999862075 0.003879786 0.016149214 -0.674169779 -0.003965229 0.999978304 0.005262173 -1.859245062 -0.016128447 -0.005325482 0.999855697 134.039428711
0.999877036 0.002425112 0.015494986 -0.662120044 -0.002499755 0.999985337 0.004799753 -1.869409084 -0.015483118 -0.004837897 0.999868393 135.398269653
0.999893963 0.001097769 0.014522390 -0.652752578 -0.001169887 0.999987125 0.004958382 -1.891843319 -0.014516759 -0.004974846 0.999882221 136.729797363
0.999904990 0.000054431 0.013787097 -0.643527448 -0.000135136 0.999982893 0.005852786 -1.905976295 -0.013786541 -0.005854093 0.999887824 138.080398560
0.999920368 -0.001899245 0.012471812 -0.631322861 0.001823812 0.999979973 0.006056785 -1.925908685 -0.012483067 -0.006033556 0.999903858 139.417297363
0.999935567 -0.001811948 0.011206545 -0.623267353 0.001745655 0.999980986 0.005922493 -1.939967275 -0.011217062 -0.005902549 0.999919653 140.760543823
0.999943376 -0.002679103 0.010299917 -0.620156467 0.002622232 0.999981284 0.005531063 -1.959138870 -0.010314542 -0.005503742 0.999931574 142.092803955
0.999953330 -0.002721893 0.009266857 -0.621601164 0.002672469 0.999982178 0.005341623 -1.976737022 -0.009281231 -0.005316609 0.999942720 143.421798706
0.999950707 -0.005092405 0.008524612 -0.612490952 0.005069038 0.999983370 0.002760336 -1.994204640 -0.008538526 -0.002716988 0.999959826 144.773101807
0.999912918 -0.010493402 0.008004878 -0.609554470 0.010474771 0.999942362 0.002365902 -2.012224197 -0.008029243 -0.002281846 0.999965072 146.120819092
0.999812603 -0.018263731 0.006422246 -0.588783979 0.018232251 0.999821663 0.004926580 -2.037652969 -0.006511077 -0.004808564 0.999967158 147.470031738
0.999676168 -0.024946349 0.005019212 -0.577888131 0.024914188 0.999669313 0.006371246 -2.052379370 -0.005176492 -0.006244134 0.999967039 148.805145264
0.999584913 -0.028600112 0.003484471 -0.555170178 0.028590478 0.999587297 0.002783551 -2.065530539 -0.003562642 -0.002682772 0.999990046 150.162704468
0.999591351 -0.028238202 0.004445171 -0.573758721 0.028239030 0.999601185 -0.000123901 -2.091001749 -0.004439899 0.000249377 0.999990106 151.484939575
0.999680698 -0.024676481 0.005434690 -0.581116617 0.024687182 0.999693394 -0.001911584 -2.117819548 -0.005385851 0.002045141 0.999983370 152.811950684
0.999673843 -0.024749247 0.006294449 -0.582859159 0.024763554 0.999690890 -0.002204967 -2.138959408 -0.006237932 0.002360121 0.999977767 154.158340454
0.999588788 -0.027935907 0.006473696 -0.578413427 0.027926402 0.999608815 0.001553890 -2.165844202 -0.006514573 -0.001372464 0.999977827 155.492828369
0.999414265 -0.033444747 0.007238952 -0.568709493 0.033414755 0.999432743 0.004224976 -2.187216282 -0.007376150 -0.003980614 0.999964893 156.847305298
0.999275208 -0.037335094 0.007419248 -0.561155379 0.037293322 0.999288201 0.005690821 -2.204653978 -0.007626434 -0.005410009 0.999956310 158.182434082
0.999223590 -0.038671847 0.007543914 -0.551150382 0.038630638 0.999238193 0.005535090 -2.222013950 -0.007752222 -0.005239366 0.999956250 159.545089722
0.999289155 -0.036682416 0.008695140 -0.551769614 0.036632668 0.999311805 0.005814198 -2.232857943 -0.008902436 -0.005491540 0.999945343 160.883560181
0.999422848 -0.032497440 0.009893939 -0.549463630 0.032450527 0.999461472 0.004866078 -2.248493910 -0.010046746 -0.004542206 0.999939263 162.236785889
0.999515355 -0.029048895 0.011188547 -0.556168258 0.029015223 0.999573946 0.003160157 -2.268603325 -0.011275579 -0.002833988 0.999932408 163.569381714
0.999571621 -0.026560934 0.012293342 -0.550688505 0.026530161 0.999644399 0.002659728 -2.286771536 -0.012359614 -0.002332444 0.999920905 164.918411255
0.999631226 -0.023959588 0.012781133 -0.550553799 0.023913879 0.999707103 0.003717234 -2.304347992 -0.012866452 -0.003410217 0.999911427 166.260864258
0.999661028 -0.022971055 0.012250054 -0.532143354 0.022926008 0.999729812 0.003805164 -2.329610109 -0.012334152 -0.003523029 0.999917746 167.641296387
0.999734759 -0.019752562 0.011843887 -0.522807598 0.019746426 0.999804795 0.000635102 -2.337348461 -0.011854121 -0.000401059 0.999929667 168.992507935
0.999807358 -0.015929611 0.011469502 -0.520389199 0.015952753 0.999870896 -0.001929236 -2.362614155 -0.011437289 0.002111835 0.999932349 170.340866089
0.999880254 -0.010477951 0.011387056 -0.515888691 0.010517361 0.999938905 -0.003406580 -2.383776188 -0.011350668 0.003525934 0.999929368 171.721343994
0.999913871 -0.005791149 0.011777660 -0.516196907 0.005818621 0.999980390 -0.002299614 -2.406487226 -0.011764114 0.002367946 0.999927998 173.095352173
0.999919772 -0.002782698 0.012359022 -0.511683166 0.002788657 0.999995947 -0.000464943 -2.428834915 -0.012357679 0.000499371 0.999923468 174.456832886
0.999921143 -0.000925630 0.012524511 -0.511558354 0.000910030 0.999998808 0.001251104 -2.443348885 -0.012525654 -0.001239608 0.999920726 175.837814331
0.999917626 -0.005391993 0.011645296 -0.497324347 0.005359978 0.999981761 0.002778679 -2.469077587 -0.011660066 -0.002716032 0.999928355 177.188049316
0.999925375 -0.007126909 0.009918639 -0.488416195 0.007099378 0.999970853 0.002808108 -2.485110044 -0.009938364 -0.002737483 0.999946833 178.600158691
0.999937594 -0.007762407 0.008034049 -0.477445364 0.007773848 0.999968827 -0.001393724 -2.509830475 -0.008022980 0.001456093 0.999966741 179.961502075
0.999959826 -0.005795802 0.006820975 -0.476480633 0.005834209 0.999967098 -0.005624305 -2.531642437 -0.006788154 0.005663876 0.999960899 181.355422974
0.999981523 -0.001291579 0.005926696 -0.478060722 0.001327831 0.999980390 -0.006116862 -2.565084219 -0.005918680 0.006124621 0.999963701 182.771392822
0.999981344 0.002332953 0.005670732 -0.482296765 -0.002303317 0.999983668 -0.005227068 -2.593551636 -0.005682835 0.005213909 0.999970257 184.175262451
0.999971092 0.004356323 0.006220724 -0.491851509 -0.004344954 0.999988854 -0.001839901 -2.619618416 -0.006228670 0.001812819 0.999978960 185.575210571
0.999964893 0.005153884 0.006593794 -0.490614921 -0.005156132 0.999986589 0.000323892 -2.646025896 -0.006592037 -0.000357879 0.999978185 186.958190918
0.999966562 0.004664594 0.006704814 -0.488213092 -0.004671758 0.999988496 0.001053141 -2.661219120 -0.006699825 -0.001084429 0.999976933 188.369338989
0.999977171 0.002390950 0.006303461 -0.478248805 -0.002401080 0.999995768 0.001600107 -2.675873280 -0.006299608 -0.001615206 0.999978781 189.834197998
0.999977052 0.000472385 0.006761171 -0.478249192 -0.000487579 0.999997377 0.002245785 -2.704326630 -0.006760093 -0.002249029 0.999974608 191.247207642
0.999973238 -0.002070257 0.007025695 -0.478698194 0.002056132 0.999995828 0.002017222 -2.714768171 -0.007029842 -0.002002722 0.999973297 192.686874390
0.999958634 -0.005277462 0.007409535 -0.468367904 0.005252440 0.999980450 0.003392521 -2.741997957 -0.007427294 -0.003353463 0.999966800 194.093811035
0.999919653 -0.009855890 0.007973988 -0.459979385 0.009813804 0.999937832 0.005299752 -2.765597343 -0.008025725 -0.005221071 0.999954164 195.538314819
0.999886811 -0.012678635 0.008097759 -0.444430262 0.012637891 0.999907315 0.005062881 -2.781700850 -0.008161200 -0.004959968 0.999954402 196.958007812
0.999907136 -0.010685669 0.008462553 -0.436096102 0.010681595 0.999942839 0.000526514 -2.797743559 -0.008467696 -0.000436072 0.999964058 198.408401489
0.999953508 -0.003494465 0.008990091 -0.447092623 0.003534322 0.999983966 -0.004421412 -2.819529295 -0.008974497 0.004452980 0.999949813 199.836166382
0.999927282 0.005942910 0.010485242 -0.457993388 -0.005896342 0.999972641 -0.004466560 -2.847522974 -0.010511498 0.004404411 0.999935031 201.282943726
0.999839187 0.013853177 0.011387262 -0.466515750 -0.013842655 0.999903738 -0.001002233 -2.868352652 -0.011400048 0.000844441 0.999934673 202.717666626
0.999829113 0.013895554 0.012192776 -0.455500841 -0.013914770 0.999902010 0.001492699 -2.894807816 -0.012170843 -0.001662103 0.999924541 204.164352417
0.999856472 0.012213404 0.011744000 -0.444462389 -0.012235444 0.999923468 0.001806753 -2.910556793 -0.011721036 -0.001950187 0.999929428 205.608978271
0.999908507 0.008630830 0.010407719 -0.428468794 -0.008650406 0.999960899 0.001837448 -2.932419300 -0.010391454 -0.001927311 0.999944150 207.058822632
0.999929011 0.006659586 0.009872865 -0.428217441 -0.006677108 0.999976158 0.001742949 -2.956701994 -0.009861023 -0.001808747 0.999949753 208.507797241
0.999935627 0.006824117 0.009059103 -0.411472440 -0.006835886 0.999975860 0.001268831 -2.977126122 -0.009050224 -0.001330677 0.999958158 209.994888306
0.999916136 0.009037702 0.009277741 -0.414895058 -0.009047577 0.999958575 0.001023017 -2.996935844 -0.009268112 -0.001106872 0.999956429 211.450988770
0.999912322 0.009523891 0.009199498 -0.408568144 -0.009539600 0.999953151 0.001665437 -3.019154549 -0.009183206 -0.001753051 0.999956310 212.907775879
0.999915123 0.009529230 0.008883906 -0.402572572 -0.009544467 0.999953032 0.001674018 -3.043029308 -0.008867537 -0.001758668 0.999959052 214.384323120
0.999918580 0.008916257 0.009127132 -0.407222211 -0.008920975 0.999960124 0.000476578 -3.067693710 -0.009122520 -0.000557962 0.999958277 215.846160889
0.999931931 0.008317478 0.008175870 -0.392333001 -0.008318708 0.999965310 0.000116418 -3.081620932 -0.008174618 -0.000184423 0.999966562 217.321182251
0.999929368 0.008883637 0.007891905 -0.390219599 -0.008883082 0.999960482 -0.000105407 -3.102647066 -0.007892530 0.000035295 0.999968827 218.794082642
0.999928415 0.009055065 0.007820062 -0.391937405 -0.009054160 0.999958932 -0.000151114 -3.128168106 -0.007821110 0.000080299 0.999969423 220.270263672
0.999933660 0.008962588 0.007238807 -0.384468079 -0.008959469 0.999959767 -0.000463117 -3.150101185 -0.007242667 0.000398230 0.999973655 221.756637573
0.999929786 0.009629500 0.006918032 -0.382873178 -0.009624540 0.999953449 -0.000749807 -3.176280022 -0.006924930 0.000683171 0.999975801 223.252136230
0.999931931 0.009701467 0.006475845 -0.379536808 -0.009696150 0.999952614 -0.000852145 -3.198673725 -0.006483805 0.000789296 0.999978662 224.765090942
0.999926567 0.010318639 0.006357376 -0.384916455 -0.010313638 0.999946535 -0.000818778 -3.222434521 -0.006365485 0.000753150 0.999979436 226.230987549
0.999934316 0.009429914 0.006514327 -0.388580650 -0.009423204 0.999955058 -0.001060047 -3.246058226 -0.006524031 0.000998591 0.999978244 227.762176514
0.999956131 0.007432718 0.005708853 -0.373818338 -0.007425264 0.999971569 -0.001326196 -3.268750191 -0.005718549 0.001283748 0.999982834 229.282958984
0.999951839 0.006978160 0.006904248 -0.388726532 -0.006972753 0.999975383 -0.000807001 -3.301698446 -0.006909709 0.000758820 0.999975860 230.774444580
0.999961853 0.005306218 0.006930675 -0.389780223 -0.005305451 0.999985933 -0.000129109 -3.320595503 -0.006931263 0.000092334 0.999976039 232.284500122
0.999958694 0.005693316 0.007082682 -0.383991212 -0.005694172 0.999983788 0.000100733 -3.350118876 -0.007081994 -0.000141058 0.999974906 233.784057617
0.999945045 0.006638210 0.008113202 -0.396581322 -0.006636052 0.999977887 -0.000292924 -3.370397091 -0.008114967 0.000239068 0.999967098 235.295700073
0.999947906 0.006807386 0.007603149 -0.380579442 -0.006803426 0.999976695 -0.000546758 -3.403938293 -0.007606693 0.000495002 0.999970973 236.786300659
0.999929547 0.008466698 0.008333154 -0.381766200 -0.008468148 0.999964058 0.000138533 -3.429742336 -0.008331683 -0.000209089 0.999965191 238.285537720
0.999917269 0.009022061 0.009170439 -0.380229056 -0.009040826 0.999957085 0.002006871 -3.449199677 -0.009151938 -0.002089613 0.999955952 239.796783447
0.999910533 0.008930757 0.009956015 -0.381506711 -0.008953275 0.999957561 0.002219588 -3.464819908 -0.009935769 -0.002308529 0.999947965 241.302200317
0.999896288 0.009556302 0.010779997 -0.379899770 -0.009564267 0.999954045 0.000687616 -3.489541531 -0.010772930 -0.000790647 0.999941647 242.822128296
0.999898374 0.009436339 0.010686115 -0.362831205 -0.009432382 0.999955416 -0.000420803 -3.519329548 -0.010689610 0.000319964 0.999942839 244.325302124
0.999885321 0.010103963 0.011281438 -0.354083240 -0.010105218 0.999948919 0.000054242 -3.539246321 -0.011280315 -0.000168238 0.999936342 245.843566895
0.999894500 0.009770524 0.010747158 -0.331041425 -0.009783161 0.999951541 0.001124047 -3.569472790 -0.010735654 -0.001229070 0.999941587 247.388870239
0.999892175 0.010057072 0.010700785 -0.326441765 -0.010073829 0.999948084 0.001513394 -3.595816135 -0.010685009 -0.001621028 0.999941587 248.912475586
0.999893367 0.010369761 0.010287732 -0.311107963 -0.010388710 0.999944389 0.001790204 -3.622721910 -0.010268596 -0.001896889 0.999945462 250.440780640
0.999869943 0.011887861 0.010898005 -0.310202062 -0.011910020 0.999927044 0.001970775 -3.644321203 -0.010873783 -0.002100314 0.999938667 251.970565796
0.999853194 0.013203097 0.010923693 -0.304140508 -0.013226601 0.999910295 0.002082382 -3.670192003 -0.010895221 -0.002226560 0.999938190 253.495025635
0.999841928 0.013777853 0.011237676 -0.299872547 -0.013799828 0.999902964 0.001880383 -3.686925411 -0.011210679 -0.002035164 0.999935091 255.037094116
0.999857605 0.012384734 0.011461096 -0.292903304 -0.012408053 0.999921024 0.001965595 -3.707095385 -0.011435849 -0.002107525 0.999932408 256.588287354
0.999881148 0.010769082 0.011032284 -0.277418613 -0.010802626 0.999937177 0.002985397 -3.732117176 -0.010999441 -0.003104220 0.999934733 258.121215820
0.999898374 0.008833239 0.011188782 -0.267040670 -0.008871314 0.999954998 0.003357786 -3.746929407 -0.011158618 -0.003456704 0.999931693 259.669494629
0.999912202 0.007502167 0.010923193 -0.253707260 -0.007534082 0.999967515 0.002883495 -3.769360542 -0.010901205 -0.002965539 0.999936163 261.205566406
0.999922216 0.006469690 0.010664777 -0.245779127 -0.006488568 0.999977410 0.001736474 -3.795942783 -0.010653300 -0.001805538 0.999941587 262.742706299
0.999931753 0.004688575 0.010704851 -0.227405131 -0.004721595 0.999984145 0.003061333 -3.810362816 -0.010690327 -0.003111667 0.999938011 264.283264160
0.999928474 0.002928862 0.011588529 -0.233998492 -0.002990477 0.999981403 0.005303147 -3.833456755 -0.011572780 -0.005337424 0.999918699 265.810119629
0.999929011 0.002374704 0.011671058 -0.223599672 -0.002419548 0.999989748 0.003829760 -3.842864513 -0.011661843 -0.003857727 0.999924481 267.350585938
0.999929547 0.001151579 0.011812344 -0.205165997 -0.001192075 0.999993384 0.003421773 -3.868413925 -0.011808326 -0.003435613 0.999924362 268.899963379
0.999924123 0.002207026 0.012120733 -0.192029446 -0.002245423 0.999992430 0.003155167 -3.889873028 -0.012113678 -0.003182144 0.999921501 270.434997559
0.999901414 0.003942523 0.013476606 -0.185373440 -0.003986701 0.999986887 0.003252867 -3.915824652 -0.013463603 -0.003306274 0.999903858 271.988220215
0.999882102 0.004915292 0.014547301 -0.180567548 -0.004953344 0.999984384 0.002580837 -3.930924892 -0.014534389 -0.002652591 0.999890864 273.508514404
0.999858677 0.006428308 0.015534670 -0.164451852 -0.006469513 0.999975681 0.002603691 -3.957419872 -0.015517557 -0.002703824 0.999875963 275.077362061
0.999836445 0.007553448 0.016432609 -0.144179478 -0.007591902 0.999968588 0.002278876 -3.982232332 -0.016414881 -0.002403259 0.999862373 276.613433838
0.999822319 0.008543899 0.016802637 -0.116970301 -0.008578286 0.999961257 0.001975479 -4.022241592 -0.016785111 -0.002119266 0.999856889 278.126831055
0.999803543 0.007840198 0.018206123 -0.101889424 -0.007871505 0.999967635 0.001648594 -4.044210911 -0.018192610 -0.001791580 0.999832928 279.692474365
0.999798954 0.007282164 0.018677449 -0.075022593 -0.007316191 0.999971688 0.001754118 -4.064819813 -0.018664144 -0.001890414 0.999824047 281.272369385
0.999796927 0.006212130 0.019170530 -0.050455689 -0.006263457 0.999976873 0.002618469 -4.085196972 -0.019153822 -0.002738010 0.999812782 282.851013184
0.999796510 0.005311554 0.019456483 -0.031604797 -0.005367034 0.999981642 0.002800397 -4.106843948 -0.019441254 -0.002904251 0.999806762 284.413085938
0.999797523 0.005423578 0.019378180 -0.001835977 -0.005424969 0.999985218 0.000019236 -4.131290436 -0.019377792 -0.000124358 0.999812126 285.992187500
0.999812484 0.003555940 0.019035619 0.026882337 -0.003518765 0.999991953 -0.001986063 -4.151470661 -0.019042525 0.001918709 0.999816835 287.561096191
0.999825954 0.003343212 0.018353868 0.049587753 -0.003306912 0.999992490 -0.002007751 -4.175778389 -0.018360443 0.001946708 0.999829471 289.115631104
0.999848247 0.002129592 0.017290061 0.070040517 -0.002094269 0.999995649 -0.002060838 -4.201021194 -0.017294375 0.002024315 0.999848306 290.689544678
0.999867797 0.002175850 0.016112007 0.086583488 -0.002133352 0.999994159 -0.002654407 -4.226859570 -0.016117688 0.002619684 0.999866664 292.244598389
0.999873579 0.002540531 0.015696658 0.105860509 -0.002491931 0.999992013 -0.003115021 -4.258069038 -0.015704447 0.003075512 0.999871969 293.816711426
0.999887645 0.002527273 0.014776870 0.128991321 -0.002489619 0.999993563 -0.002566094 -4.288802624 -0.014783261 0.002529017 0.999887466 295.389343262
0.999903798 0.002023111 0.013723752 0.146424681 -0.001989739 0.999994993 -0.002444928 -4.319221497 -0.013728631 0.002417385 0.999902844 296.962066650
0.999918163 0.001873884 0.012654076 0.161599785 -0.001862149 0.999997854 -0.000939126 -4.349656105 -0.012655808 0.000915485 0.999919415 298.521148682
0.999924004 0.003355164 0.011862473 0.172499791 -0.003358814 0.999994338 0.000287835 -4.374753475 -0.011861440 -0.000327657 0.999929607 300.093566895
0.999914408 0.003533236 0.012594436 0.183962181 -0.003537915 0.999993622 0.000349233 -4.396934986 -0.012593124 -0.000393761 0.999920607 301.686279297
0.999904513 0.003770789 0.013290181 0.200674400 -0.003774920 0.999992788 0.000285811 -4.423491001 -0.013289008 -0.000335953 0.999911666 303.297149658
0.999901056 0.002493492 0.013844789 0.208371356 -0.002492932 0.999996841 -0.000057743 -4.443876743 -0.013844886 0.000023223 0.999904156 304.876312256
0.999904037 0.000506335 0.013851149 0.227336630 -0.000492848 0.999999404 -0.000977146 -4.471964836 -0.013851637 0.000970226 0.999903560 306.467102051
0.999896944 -0.001075606 0.014314214 0.243719950 0.001117988 0.999994993 -0.002953100 -4.498559475 -0.014310966 0.002968799 0.999893188 308.056701660
0.999899387 -0.001194082 0.014135322 0.257211328 0.001250755 0.999991238 -0.004001168 -4.526206017 -0.014130421 0.004018445 0.999892056 309.655181885
0.999930084 -0.000851028 0.011793960 0.270975083 0.000911015 0.999986708 -0.005081786 -4.558103085 -0.011789478 0.005092176 0.999917567 311.279876709
0.999949753 0.000670646 0.010014411 0.276387483 -0.000626636 0.999990165 -0.004397199 -4.582677364 -0.010017264 0.004390701 0.999940157 312.890594482
0.999956191 0.002014351 0.009145718 0.288361222 -0.002002863 0.999997318 -0.001265120 -4.609585285 -0.009148242 0.001246746 0.999957383 314.522857666
0.999947190 0.000195596 0.010275675 0.291018486 -0.000216941 0.999997914 0.002076120 -4.642179489 -0.010275248 -0.002078240 0.999944985 316.148437500
0.999950171 -0.000510251 0.009970811 0.308939427 0.000483329 0.999996305 0.002702314 -4.658986092 -0.009972153 -0.002697360 0.999946654 317.782318115
0.999941766 -0.001446288 0.010703473 0.309116423 0.001432094 0.999998093 0.001333668 -4.678899288 -0.010705383 -0.001318261 0.999941766 319.407531738
0.999930680 -0.003320498 0.011298934 0.311066449 0.003297013 0.999992371 0.002096531 -4.709591389 -0.011305810 -0.002059133 0.999933898 321.004730225
0.999930263 -0.002502699 0.011539157 0.317370743 0.002483914 0.999995589 0.001641983 -4.727378845 -0.011543214 -0.001613206 0.999932051 322.653686523
0.999921739 -0.002480391 0.012264542 0.329558551 0.002460931 0.999995708 0.001601465 -4.751751423 -0.012268461 -0.001571157 0.999923527 324.274505615
0.999925077 -0.001472064 0.012154783 0.347493172 0.001466329 0.999998808 0.000480694 -4.772122383 -0.012155477 -0.000462835 0.999926090 325.891876221
0.999912679 0.000143494 0.013207828 0.353916317 -0.000138826 0.999999940 -0.000354340 -4.799808502 -0.013207878 0.000352475 0.999912679 327.501007080
0.999914587 -0.001141124 0.013020926 0.380282193 0.001116606 0.999997556 0.001890053 -4.829570770 -0.013023052 -0.001875352 0.999913454 329.135925293
0.999900579 -0.001986773 0.013954767 0.384202272 0.001951611 0.999994814 0.002532890 -4.854796410 -0.013959727 -0.002505404 0.999899447 330.728179932
0.999905169 -0.003175976 0.013401825 0.406497568 0.003155001 0.999993861 0.001585938 -4.883420944 -0.013406780 -0.001543505 0.999908984 332.373901367
0.999910533 -0.001874768 0.013241974 0.426284492 0.001857653 0.999997437 0.001304665 -4.903867722 -0.013244385 -0.001279949 0.999911427 333.994049072
0.999921918 -0.000267408 0.012489033 0.434618831 0.000273370 0.999999821 -0.000475693 -4.934494019 -0.012488905 0.000479070 0.999921918 335.587097168
0.999921560 0.001991198 0.012364961 0.444654554 -0.001946878 0.999991655 -0.003595352 -4.964807034 -0.012372015 0.003570997 0.999917090 337.201965332
0.999927282 0.003042205 0.011671330 0.450390399 -0.003006356 0.999990702 -0.003087877 -4.995368958 -0.011680616 0.003052564 0.999927044 338.812805176
0.999938011 0.003831330 0.010455105 0.459041893 -0.003834529 0.999992609 0.000286009 -5.024758339 -0.010453932 -0.000326082 0.999945283 340.385681152
0.999943912 0.004495058 0.009582762 0.465199441 -0.004529293 0.999983430 0.003553851 -5.057436466 -0.009566629 -0.003597055 0.999947786 342.001678467
0.999953687 0.005120897 0.008148033 0.470167071 -0.005139274 0.999984264 0.002235994 -5.080629349 -0.008136453 -0.002277765 0.999964297 343.598968506
0.999970317 0.004465611 0.006265990 0.473254830 -0.004470221 0.999989748 0.000721923 -5.105682373 -0.006262702 -0.000749912 0.999980092 345.187652588
0.999989569 0.002642409 0.003731057 0.489040315 -0.002649901 0.999994457 0.002004369 -5.132374763 -0.003725739 -0.002014235 0.999991059 346.785491943
0.999992728 0.001581867 0.003470934 0.471707761 -0.001591367 0.999994993 0.002735815 -5.160036564 -0.003466589 -0.002741319 0.999990165 348.388397217
0.999995530 0.001556613 0.002536840 0.481562406 -0.001560510 0.999997616 0.001535068 -5.180887699 -0.002534444 -0.001539020 0.999995589 349.983978271
0.999994874 0.000986065 0.003084233 0.461059153 -0.000989963 0.999998808 0.001262586 -5.217832088 -0.003082985 -0.001265633 0.999994457 351.541320801
0.999994993 0.000842272 0.003047962 0.460785955 -0.000844936 0.999999285 0.000872776 -5.237288952 -0.003047225 -0.000875347 0.999994993 353.141754150
0.999994993 0.000292602 0.003127745 0.456065029 -0.000294775 0.999999642 0.000694233 -5.260776520 -0.003127540 -0.000695151 0.999994874 354.738037109
0.999996543 -0.000215524 0.002626149 0.462228209 0.000215805 0.999999881 -0.000107075 -5.285409451 -0.002626126 0.000107642 0.999996543 356.331604004
0.999995828 0.000106924 0.002891081 0.454645514 -0.000104489 0.999999583 -0.000842472 -5.310622692 -0.002891170 0.000842166 0.999995470 357.938140869
0.999995232 -0.000301428 0.003074458 0.450643837 0.000303656 0.999999642 -0.000724029 -5.336752415 -0.003074237 0.000724959 0.999994993 359.520843506
0.999996543 -0.000214953 0.002602942 0.460185468 0.000218670 0.999998927 -0.001427806 -5.366276741 -0.002602632 0.001428371 0.999995589 361.123535156
0.999995232 -0.001622827 0.002621933 0.459668338 0.001630186 0.999994755 -0.002806940 -5.395413399 -0.002617364 0.002811201 0.999992609 362.711578369
0.999991000 -0.003288370 0.002674556 0.455507427 0.003290630 0.999994159 -0.000841206 -5.426597118 -0.002671774 0.000849999 0.999996066 364.288757324
0.999984026 -0.005090678 0.002450543 0.460876435 0.005090680 0.999987066 0.000005640 -5.454439640 -0.002450540 0.000006836 0.999996960 365.877319336
0.999982119 -0.005326757 0.002711855 0.454693615 0.005330323 0.999984920 -0.001309313 -5.478269577 -0.002704840 0.001323745 0.999995410 367.479370117
0.999987006 -0.003672865 0.003536685 0.438225508 0.003679405 0.999991536 -0.001844308 -5.503841400 -0.003529881 0.001857298 0.999992013 369.094055176
0.999990642 -0.002888237 0.003222571 0.442860872 0.002891878 0.999995112 -0.001125521 -5.535140038 -0.003219304 0.001134829 0.999994159 370.694946289
0.999990880 -0.001221811 0.004094101 0.432791799 0.001223538 0.999999106 -0.000419321 -5.558796406 -0.004093585 0.000424327 0.999991536 372.299407959
0.999992669 -0.001804258 0.003359171 0.443285763 0.001805720 0.999998271 -0.000432248 -5.592367649 -0.003358386 0.000438310 0.999994218 373.906494141
0.999991715 -0.001558643 0.003749080 0.428882509 0.001565426 0.999997139 -0.001806907 -5.610538960 -0.003746253 0.001812761 0.999991357 375.495727539
0.999992788 -0.001239035 0.003589292 0.426488131 0.001244185 0.999998212 -0.001432847 -5.649700165 -0.003587510 0.001437303 0.999992549 377.086853027
0.999988437 -0.001070227 0.004701506 0.421810776 0.001076290 0.999998629 -0.001287117 -5.682634830 -0.004700122 0.001292162 0.999988198 378.704254150
0.999989212 0.000704297 0.004597288 0.418034315 -0.000697125 0.999998510 -0.001561344 -5.700401306 -0.004598381 0.001558123 0.999988198 380.331848145
0.999985516 0.002011472 0.005002586 0.420169324 -0.002007899 0.999997735 -0.000719089 -5.730756283 -0.005004021 0.000709034 0.999987245 381.938781738
0.999976516 0.003967203 0.005580186 0.406828314 -0.003956493 0.999990225 -0.001929130 -5.753714561 -0.005587786 0.001907006 0.999982595 383.571350098
