1.000000000 0.000000000 0.000000000 0.000000000 0.000000000 1.000000000 0.000000000 0.000000000 0.000000000 0.000000000 1.000000000 0.000000000
1.000000000 -0.000163429 0.000058764 -0.011447595 0.000163345 0.999998987 0.001423011 -0.013452996 -0.000058997 -0.001423002 0.999998987 1.319327235
0.999998569 -0.001573860 -0.000563672 -0.012787191 0.001574856 0.999997139 0.001771664 -0.038842726 0.000560882 -0.001772549 0.999998271 2.617804766
0.999995708 -0.002850446 -0.000648733 -0.015018337 0.002850980 0.999995589 0.000826043 -0.055854723 0.000646375 -0.000827889 0.999999464 3.929362297
0.999994993 -0.003076899 -0.000715884 -0.021961182 0.003077578 0.999994755 0.000950938 -0.075340450 0.000712954 -0.000953137 0.999999344 5.255959034
0.999992907 -0.003714455 -0.000600093 -0.024255916 0.003715615 0.999991238 0.001943253 -0.099406675 0.000592869 -0.001945469 0.999997854 6.577552319
0.999986887 -0.005103759 -0.000358216 -0.033615116 0.005104810 0.999982536 0.002996534 -0.114416599 0.000342917 -0.002998323 0.999995410 7.891585827
0.999989212 -0.004600085 -0.000527842 -0.040715616 0.004601919 0.999983191 0.003526791 -0.134127751 0.000511609 -0.003529181 0.999993622 9.240548134
0.999992967 -0.003680673 -0.000733415 -0.045870610 0.003681845 0.999991953 0.001602564 -0.150936067 0.000727510 -0.001605254 0.999998450 10.595229149
0.999998689 -0.001301941 -0.000966592 -0.058961559 0.001301780 0.999999166 -0.000167513 -0.177588984 0.000966810 0.000166255 0.999999464 11.912754059
0.999996901 0.002496270 -0.000400384 -0.081422940 -0.002496689 0.999996424 -0.001050647 -0.200134754 0.000397760 0.001051643 0.999999344 13.249767303
0.999989331 0.004592969 -0.000493061 -0.094418809 -0.004593558 0.999988854 -0.001200677 -0.221264869 0.000487540 0.001202929 0.999999106 14.598413467
0.999983132 0.005778355 -0.000711361 -0.098666556 -0.005778670 0.999983251 -0.000441420 -0.239737824 0.000708799 0.000445523 0.999999583 15.951332092
0.999994695 0.003247442 0.000080291 -0.110378571 -0.003247633 0.999991596 0.002495068 -0.266438723 -0.000072188 -0.002495316 0.999996901 17.311605453
0.999999344 -0.001117006 0.000164245 -0.111869879 0.001116265 0.999989450 0.004446770 -0.287439018 -0.000169210 -0.004446584 0.999990106 18.658966064
0.999995172 -0.003101333 -0.000119723 -0.118728362 0.003101571 0.999993086 0.002041473 -0.301225305 0.000113391 -0.002041834 0.999997914 20.009326935
0.999987841 -0.004929571 -0.000073896 -0.125888944 0.004929610 0.999987721 0.000529216 -0.332541883 0.000071286 -0.000529574 0.999999881 21.373928070
0.999996901 -0.002286563 0.000885345 -0.145190343 0.002287597 0.999996722 -0.001169351 -0.348854899 -0.000882668 0.001171373 0.999998927 22.720077515
0.999999106 0.000284543 0.001323201 -0.147227824 -0.000285699 0.999999523 0.000873841 -0.370380104 -0.001322952 -0.000874218 0.999998689 24.098047256
0.999996901 0.001297181 0.002158925 -0.163328633 -0.001305876 0.999991059 0.004031159 -0.380959451 -0.002153677 -0.004033966 0.999989629 25.464427948
0.999996901 -0.001501147 0.002000796 -0.151810735 0.001487834 0.999976814 0.006639228 -0.403102368 -0.002010716 -0.006636230 0.999975860 26.845390320
0.999976039 -0.006783365 0.001341600 -0.142057151 0.006776803 0.999965370 0.004836095 -0.424632758 -0.001374358 -0.004826887 0.999987423 28.239542007
0.999973774 -0.007044820 0.001666589 -0.149801001 0.007040735 0.999972224 0.002443910 -0.436815828 -0.001683760 -0.002432112 0.999995708 29.616373062
0.999972761 -0.007010677 0.002292423 -0.154706568 0.007011219 0.999975324 -0.000228268 -0.455464929 -0.002290766 0.000244335 0.999997318 30.981678009
0.999988317 -0.003834709 0.002953806 -0.166642562 0.003835837 0.999992549 -0.000376546 -0.482220173 -0.002952340 0.000387872 0.999995649 32.372421265
0.999990404 -0.002634141 0.003506213 -0.177327782 0.002644621 0.999991953 -0.002987470 -0.503578365 -0.003498315 0.002996714 0.999989390 33.723602295
0.999991655 -0.001943135 0.003585765 -0.180224940 0.001952016 0.999994934 -0.002474622 -0.527425230 -0.003580939 0.002481600 0.999990523 35.105808258
0.999993980 -0.001420926 0.003157449 -0.185241565 0.001425688 0.999997795 -0.001506382 -0.544823289 -0.003155302 0.001510875 0.999993801 36.498920441
0.999995768 -0.001233193 0.002637260 -0.190345258 0.001231686 0.999999046 0.000572954 -0.577223539 -0.002637964 -0.000569704 0.999996364 37.893810272
0.999992549 0.002387738 0.003021478 -0.203356832 -0.002390354 0.999996781 0.000862552 -0.601292551 -0.003019409 -0.000869768 0.999995053 39.280467987
0.999977887 0.005463920 0.003771799 -0.225068301 -0.005465841 0.999984980 0.000499472 -0.619432926 -0.003769013 -0.000520077 0.999992728 40.672534943
0.999969721 0.006989540 0.003399948 -0.223450065 -0.006992393 0.999975204 0.000828286 -0.641402721 -0.003394074 -0.000852035 0.999993861 42.077369690
0.999968231 0.007383544 0.002988798 -0.224813402 -0.007386252 0.999972284 0.000895930 -0.663485169 -0.002982100 -0.000917978 0.999995172 43.487487793
0.999973714 0.006702077 0.002749972 -0.234206438 -0.006704593 0.999977112 0.000906501 -0.689440846 -0.002743833 -0.000924915 0.999995828 44.896766663
0.999980748 0.005957838 0.001799028 -0.236718193 -0.005958750 0.999982119 0.000501979 -0.709800839 -0.001796005 -0.000512689 0.999998331 46.293102264
0.999984384 0.005424051 0.001303732 -0.245605588 -0.005424823 0.999985099 0.000589868 -0.729508102 -0.001300513 -0.000596932 0.999998927 47.707580566
0.999982834 0.005867666 0.000144050 -0.250654131 -0.005867947 0.999980688 0.002037296 -0.753503442 -0.000132093 -0.002038106 0.999997914 49.127410889
0.999983072 0.005728003 -0.000944347 -0.262731075 -0.005726298 0.999981999 0.001798703 -0.778103054 0.000954633 -0.001793265 0.999997854 50.543979645
0.999980211 0.005936540 -0.002067957 -0.277457207 -0.005931941 0.999979913 0.002222664 -0.795617759 0.002081110 -0.002210353 0.999995351 51.952449799
0.999977946 0.005901530 -0.003036834 -0.297199547 -0.005891416 0.999977112 0.003328687 -0.819212615 0.003056408 -0.003310722 0.999989867 53.362457275
0.999983311 0.004658242 -0.003404613 -0.311647505 -0.004644510 0.999981046 0.004030415 -0.834043205 0.003423324 -0.004014535 0.999986112 54.798099518
0.999988616 0.002238818 -0.004197115 -0.319492728 -0.002219557 0.999986947 0.004588311 -0.859882057 0.004207333 -0.004578943 0.999980688 56.248989105
0.999987841 -0.000112752 -0.004928060 -0.327367276 0.000132835 0.999991596 0.004075214 -0.876767397 0.004927560 -0.004075819 0.999979556 57.673477173
0.999986410 -0.001651709 -0.004948312 -0.346217245 0.001674133 0.999988317 0.004530802 -0.900417387 0.004940771 -0.004539024 0.999977469 59.075946808
0.999987185 -0.002738091 -0.004257530 -0.360306770 0.002759691 0.999983311 0.005075745 -0.915726423 0.004243562 -0.005087428 0.999978065 60.504749298
0.999983311 -0.004130225 -0.004042293 -0.373202980 0.004153320 0.999975145 0.005722006 -0.932556272 0.004018559 -0.005738700 0.999975383 61.930171967
0.999980628 -0.005050354 -0.003659864 -0.385118812 0.005069397 0.999973536 0.005212930 -0.950038910 0.003633440 -0.005231382 0.999979675 63.324329376
0.999972641 -0.006814240 -0.002872841 -0.398197144 0.006827604 0.999965787 0.004667378 -0.975947142 0.002840938 -0.004686865 0.999984980 64.710502625
0.999971986 -0.007179813 -0.002110666 -0.403454870 0.007189504 0.999963582 0.004620649 -0.994333804 0.002077413 -0.004635695 0.999987125 66.135414124
0.999985337 -0.005197274 -0.001522270 -0.416355640 0.005203794 0.999977171 0.004311049 -1.013987303 0.001499829 -0.004318907 0.999989510 67.544273376
0.999996960 -0.002263492 -0.000967823 -0.432553291 0.002268861 0.999981880 0.005582828 -1.032922745 0.000955169 -0.005585006 0.999983966 68.941993713
0.999999046 0.001389152 -0.000053704 -0.443326920 -0.001388763 0.999976754 0.006667735 -1.047541857 0.000062965 -0.006667654 0.999977767 70.346382141
0.999985695 0.005204312 0.001202825 -0.471885771 -0.005212755 0.999960959 0.007126746 -1.063743472 -0.001165689 -0.007132914 0.999973893 71.726432800
0.999947250 0.010155941 0.001515655 -0.482803404 -0.010165978 0.999925435 0.006768445 -1.081897855 -0.001446802 -0.006783498 0.999975920 73.133354187
0.999909759 0.013207275 0.002431011 -0.504610896 -0.013221787 0.999894261 0.006053033 -1.093340397 -0.002350810 -0.006084630 0.999978721 74.517158508
0.999890864 0.014498554 0.002874190 -0.501810551 -0.014515819 0.999876082 0.006079131 -1.116037011 -0.002785696 -0.006120188 0.999977350 75.922073364
0.999890566 0.014477273 0.003052425 -0.504815876 -0.014496427 0.999874771 0.006349314 -1.131175995 -0.002960122 -0.006392868 0.999975204 77.338874817
0.999897778 0.013854759 0.003525886 -0.517748952 -0.013875259 0.999886513 0.005857924 -1.146040082 -0.003444325 -0.005906247 0.999976575 78.730255127
0.999914944 0.012638238 0.003253862 -0.517570317 -0.012654136 0.999907851 0.004912265 -1.162496090 -0.003191480 -0.004953022 0.999982655 80.107086182
0.999928951 0.011577218 0.002835193 -0.517166913 -0.011592128 0.999918699 0.005299821 -1.191228867 -0.002773606 -0.005332310 0.999981940 81.509101868
0.999931931 0.011371172 0.002592294 -0.523100257 -0.011384776 0.999921203 0.005294599 -1.205915451 -0.002531884 -0.005323750 0.999982536 82.901107788
0.999938369 0.010978159 0.001663235 -0.521274328 -0.010985965 0.999928355 0.004757097 -1.222104430 -0.001610892 -0.004775075 0.999987304 84.282867432
0.999939620 0.010934688 0.001084139 -0.537085235 -0.010940081 0.999927104 0.005099275 -1.230862856 -0.001028301 -0.005110828 0.999986410 85.639198303
0.999943137 0.010660867 0.000165231 -0.545216918 -0.010661641 0.999926567 0.005763222 -1.250586629 -0.000103778 -0.005764656 0.999983370 87.017730713
0.999966621 0.008149928 -0.000650891 -0.550246418 -0.008145113 0.999941707 0.007089836 -1.272868276 0.000708635 -0.007084297 0.999974668 88.390274048
0.999974847 0.006753853 -0.002168021 -0.558036506 -0.006737558 0.999949574 0.007437558 -1.293719411 0.002218145 -0.007422762 0.999969959 89.765563965
0.999985278 0.004376782 -0.003192283 -0.570181191 -0.004352606 0.999962091 0.007541218 -1.306908607 0.003225168 -0.007527213 0.999966443 91.136177063
0.999989390 0.002966862 -0.003528582 -0.576382041 -0.002942816 0.999972463 0.006800551 -1.325638533 0.003548661 -0.006790094 0.999970675 92.525207520
0.999989510 0.001986485 -0.004133389 -0.586525679 -0.001957562 0.999973595 0.006989845 -1.347973347 0.004147165 -0.006981681 0.999967098 93.852363586
0.999991298 0.002592014 -0.003274876 -0.615590394 -0.002573073 0.999980032 0.005774694 -1.356612563 0.003289778 -0.005766218 0.999977946 95.249389648
0.999992311 0.002020239 -0.003371447 -0.632057726 -0.002001093 0.999981940 0.005672819 -1.377832055 0.003382846 -0.005666028 0.999978185 96.602401733
0.999990284 0.003179654 -0.003048989 -0.642418802 -0.003165824 0.999984741 0.004530531 -1.391581416 0.003063348 -0.004520835 0.999985099 97.936531067
0.999981701 0.005391386 -0.002751267 -0.672111809 -0.005377049 0.999972045 0.005192194 -1.416698933 0.002779183 -0.005177305 0.999982715 99.278388977
0.999984205 0.005278938 -0.001921248 -0.674556375 -0.005267027 0.999967217 0.006153161 -1.426184297 0.001953667 -0.006142945 0.999979138 100.628219604
0.999978185 0.006169519 -0.002353149 -0.689024925 -0.006151207 0.999951363 0.007711515 -1.445466995 0.002400611 -0.007696873 0.999967456 101.951133728
0.999980211 0.006097464 -0.001557349 -0.699820042 -0.006087841 0.999962807 0.006110553 -1.464627624 0.001594550 -0.006100951 0.999980092 103.319450378
0.999978364 0.006505998 -0.000969300 -0.721018672 -0.006502041 0.999970734 0.004030960 -1.480711818 0.000995497 -0.004024570 0.999991417 104.646736145
0.999985754 0.005160879 -0.001371452 -0.723279595 -0.005157247 0.999983191 0.002638756 -1.502130389 0.001385047 -0.002631646 0.999995589 105.984672546
0.999994218 0.003008644 -0.001586647 -0.727671206 -0.003002288 0.999987483 0.003993410 -1.514758229 0.001598642 -0.003988623 0.999990702 107.337654114
0.999999762 0.000311065 -0.000556965 -0.744704247 -0.000307843 0.999983311 0.005774089 -1.534381032 0.000558752 -0.005773916 0.999983132 108.659439087
0.999999404 -0.001094847 -0.000142089 -0.742932141 0.001095733 0.999978960 0.006389536 -1.552684307 0.000135090 -0.006389686 0.999979556 110.003692627
0.999997020 -0.001925634 0.001506543 -0.760828912 0.001918293 0.999986351 0.004859330 -1.565209270 -0.001515879 -0.004856425 0.999987006 111.326568604
0.999997556 0.000077460 0.002234218 -0.768954754 -0.000083806 0.999995947 0.002840630 -1.584725499 -0.002233989 -0.002840810 0.999993443 112.657218933
0.999989510 0.002581477 0.003784629 -0.782527685 -0.002583042 0.999996543 0.000408817 -1.601917267 -0.003783561 -0.000418589 0.999992669 113.982368469
0.999974012 0.005645048 0.004493946 -0.778805315 -0.005647499 0.999983847 0.000532689 -1.622004867 -0.004490866 -0.000558055 0.999989748 115.316413879
0.999956608 0.006547494 0.006616788 -0.786563873 -0.006564730 0.999975085 0.002586590 -1.645310760 -0.006599687 -0.002629915 0.999974787 116.664703369
0.999948680 0.006517152 0.007758175 -0.782171249 -0.006556340 0.999965847 0.005036583 -1.664043307 -0.007725086 -0.005087188 0.999957263 117.994850159
0.999945462 0.006149245 0.008439790 -0.779624164 -0.006196001 0.999965489 0.005524994 -1.683881998 -0.008405524 -0.005576985 0.999949098 119.342185974
0.999929130 0.006906117 0.009698289 -0.776380062 -0.006952493 0.999964535 0.004756375 -1.694485188 -0.009665096 -0.004823464 0.999941707 120.679489136
0.999905944 0.008411967 0.010831404 -0.768323898 -0.008460216 0.999954462 0.004416456 -1.715218544 -0.010793759 -0.004507676 0.999931574 122.021331787
0.999876559 0.010117717 0.012021829 -0.760772824 -0.010170197 0.999938965 0.004312193 -1.733242869 -0.011977467 -0.004433925 0.999918401 123.365966797
0.999849796 0.011136442 0.013282301 -0.754413545 -0.011176121 0.999933302 0.002917161 -1.745697737 -0.013248930 -0.003065168 0.999907553 124.729240417
0.999818981 0.012066047 0.014710018 -0.746772110 -0.012097383 0.999924719 0.002042983 -1.760338426 -0.014684260 -0.002220565 0.999889672 126.074356079
0.999817669 0.011133018 0.015513786 -0.736319900 -0.011167740 0.999935329 0.002153253 -1.783759236 -0.015488809 -0.002326114 0.999877334 127.430854797
0.999801576 0.010744281 0.016780496 -0.729610205 -0.010797555 0.999936938 0.003087394 -1.794994593 -0.016746268 -0.003267970 0.999854445 128.781173706
0.999802232 0.009472351 0.017487068 -0.711777627 -0.009543397 0.999946535 0.003983728 -1.818238616 -0.017448394 -0.004149826 0.999839067 130.148574829
0.999793231 0.008957360 0.018253520 -0.699213147 -0.009035649 0.999950349 0.004211050 -1.830332994 -0.018214896 -0.004375112 0.999824524 131.491363525
0.999811828 0.006793512 0.018171651 -0.682205260 -0.006866614 0.999968588 0.003963517 -1.842054009 -0.018144155 -0.004087549 0.999826908 132.870635986
0.999815226 0.005694451 0.018359508 -0.671316028 -0.005787857 0.999970555 0.005038509 -1.870983124 -0.018330278 -0.005143840 0.999818742 134.188125610
0.999835074 0.004203701 0.017666908 -0.654264808 -0.004288658 0.999979436 0.004773677 -1.888788462 -0.017646480 -0.004848658 0.999832511 135.533203125
0.999861300 0.002784917 0.016421007 -0.636974275 -0.002858794 0.999985874 0.004477204 -1.901472211 -0.016408306 -0.004523528 0.999855161 136.878570557
0.999877810 0.001746222 0.015532392 -0.623265386 -0.001827501 0.999984622 0.005220231 -1.915350080 -0.015523036 -0.005247979 0.999865711 138.235717773
0.999898851 -0.000178972 0.014221046 -0.606700897 0.000094402 0.999982297 0.005947270 -1.942464232 -0.014221859 -0.005945326 0.999881208 139.564117432
0.999920249 -0.000536900 0.012625619 -0.590746939 0.000465955 0.999984086 0.005621345 -1.953279734 -0.012628434 -0.005615014 0.999904573 140.913116455
0.999930322 -0.000939889 0.011762852 -0.585001111 0.000879276 0.999986291 0.005157003 -1.971480489 -0.011767539 -0.005146301 0.999917507 142.239364624
0.999943912 -0.001220851 0.010519541 -0.581187725 0.001167693 0.999986410 0.005057884 -1.992134213 -0.010525574 -0.005045317 0.999931931 143.571792603
0.999947131 -0.003296389 0.009733613 -0.569034398 0.003272650 0.999991655 0.002453803 -2.006538391 -0.009741618 -0.002421819 0.999949634 144.921859741
0.999926805 -0.008084744 0.008989491 -0.567708373 0.008067483 0.999965549 0.001954748 -2.023448467 -0.009004986 -0.001882083 0.999957681 146.256240845
0.999839127 -0.016121015 0.007866027 -0.547761977 0.016087344 0.999861181 0.004324987 -2.044805288 -0.007934659 -0.004197747 0.999959648 147.616271973
0.999716043 -0.023054708 0.006026404 -0.528442502 0.023021698 0.999719918 0.005490760 -2.057565212 -0.006151305 -0.005350463 0.999966741 148.955017090
0.999636650 -0.026477616 0.005062261 -0.511005521 0.026467504 0.999647558 0.002053865 -2.073568583 -0.005114860 -0.001919133 0.999985039 150.310134888
0.999659240 -0.025425242 0.005906219 -0.527827859 0.025429348 0.999676406 -0.000621129 -2.098769665 -0.005888516 0.000771108 0.999982357 151.626937866
0.999742568 -0.021695016 0.006634374 -0.530868828 0.021710169 0.999761820 -0.002221042 -2.127725124 -0.006584608 0.002364504 0.999975562 152.954452515
0.999728918 -0.022092685 0.007349542 -0.523814380 0.022114981 0.999751031 -0.002966282 -2.143716335 -0.007282178 0.003128013 0.999968529 154.310104370
0.999654055 -0.025104867 0.007851276 -0.521086872 0.025102487 0.999684811 0.000401635 -2.167101145 -0.007858883 -0.000204410 0.999969125 155.644073486
0.999488592 -0.030804425 0.008582264 -0.509867370 0.030774571 0.999519885 0.003589369 -2.195441961 -0.008688712 -0.003323418 0.999956727 157.000671387
0.999363899 -0.034672946 0.008350716 -0.494565398 0.034631290 0.999387145 0.005082679 -2.213241100 -0.008521831 -0.004790250 0.999952197 158.340820312
0.999307334 -0.036238223 0.008467173 -0.482366472 0.036198821 0.999333262 0.004761182 -2.231220961 -0.008634067 -0.004451382 0.999952793 159.699066162
0.999365687 -0.034284636 0.009637256 -0.483412713 0.034233700 0.999399185 0.005401424 -2.246111870 -0.009816651 -0.005068078 0.999939024 161.036483765
0.999497175 -0.029908825 0.010532773 -0.481459796 0.029864613 0.999544561 0.004330059 -2.261171818 -0.010657484 -0.004013324 0.999935150 162.381103516
0.999568284 -0.026861589 0.011904265 -0.481778383 0.026832325 0.999636531 0.002611417 -2.286785126 -0.011970087 -0.002290870 0.999925673 163.727188110
0.999628007 -0.024048405 0.012865333 -0.472389668 0.024024548 0.999709427 0.002005485 -2.303095818 -0.012909824 -0.001695656 0.999915242 165.079650879
0.999675512 -0.021630999 0.013454453 -0.473453969 0.021589197 0.999761641 0.003244441 -2.325335503 -0.013521427 -0.002952918 0.999904215 166.425811768
0.999709547 -0.020334443 0.012934304 -0.453086376 0.020296436 0.999789357 0.003062847 -2.347032070 -0.012993861 -0.002799437 0.999911606 167.799743652
0.999765217 -0.017498624 0.012779498 -0.450114429 0.017497351 0.999846876 0.000211378 -2.360520124 -0.012781240 0.000012279 0.999918342 169.155319214
0.999832749 -0.013485104 0.012359942 -0.440775394 0.013518610 0.999905109 -0.002631214 -2.384076357 -0.012323289 0.002797863 0.999920130 170.507171631
0.999888301 -0.008286688 0.012440491 -0.443342090 0.008332960 0.999958456 -0.003672251 -2.412123680 -0.012409545 0.003775506 0.999915898 171.882629395
0.999912202 -0.003758711 0.012705991 -0.439986259 0.003791037 0.999989569 -0.002521010 -2.435682058 -0.012696382 0.002568957 0.999916077 173.255386353
0.999910533 -0.000957057 0.013342440 -0.434850007 0.000964171 0.999999344 -0.000526784 -2.460830927 -0.013341928 0.000539601 0.999910831 174.619689941
0.999907315 0.001022755 0.013579319 -0.433560014 -0.001039594 0.999998689 0.001233060 -2.476120949 -0.013578041 -0.001247063 0.999907017 176.000595093
0.999916375 -0.003411973 0.012473186 -0.413984984 0.003376799 0.999990284 0.002839899 -2.503936291 -0.012482753 -0.002797543 0.999918163 177.364334106
0.999927819 -0.005363265 0.010761496 -0.400571018 0.005332292 0.999981523 0.002904761 -2.519413948 -0.010776877 -0.002847168 0.999937832 178.761962891
0.999945343 -0.005449750 0.008923260 -0.393507600 0.005463818 0.999983847 -0.001553004 -2.542525530 -0.008914652 0.001601674 0.999958992 180.138977051
0.999964416 -0.003846625 0.007513425 -0.388833404 0.003888885 0.999976695 -0.005618036 -2.565851212 -0.007491638 0.005647054 0.999956012 181.539291382
0.999976814 0.001104100 0.006720353 -0.393485874 -0.001061855 0.999979675 -0.006286389 -2.598314047 -0.006727157 0.006279108 0.999957621 182.949539185
0.999966085 0.004845872 0.006650527 -0.400223404 -0.004809581 0.999973536 -0.005461824 -2.626726151 -0.006676820 0.005429653 0.999962926 184.350738525
0.999951184 0.006722048 0.007239696 -0.408916980 -0.006707745 0.999975443 -0.001998296 -2.653930664 -0.007252952 0.001949636 0.999971807 185.746795654
0.999942005 0.007598191 0.007634593 -0.408119649 -0.007599222 0.999971092 0.000105892 -2.679814577 -0.007633566 -0.000163903 0.999970853 187.138793945
0.999944329 0.007139797 0.007781020 -0.405951738 -0.007147287 0.999974012 0.000935191 -2.697864532 -0.007774142 -0.000990752 0.999969304 188.548553467
0.999959528 0.005030025 0.007462391 -0.396045327 -0.005041010 0.999986231 0.001453982 -2.710632801 -0.007454973 -0.001491542 0.999971151 190.014801025
0.999965906 0.002860111 0.007743721 -0.391759247 -0.002877265 0.999993443 0.002204926 -2.745404482 -0.007737365 -0.002227132 0.999967575 191.422897339
0.999965072 0.000183640 0.008353965 -0.398538321 -0.000200184 0.999997973 0.001979647 -2.753875256 -0.008353586 -0.001981250 0.999963164 192.864456177
0.999959171 -0.002986377 0.008526767 -0.382341325 0.002957155 0.999989688 0.003437686 -2.785315275 -0.008536947 -0.003412331 0.999957740 194.263244629
0.999929965 -0.007518714 0.009145505 -0.374822050 0.007474303 0.999960124 0.004880465 -2.801812649 -0.009181836 -0.004811766 0.999946237 195.707641602
0.999902189 -0.010487978 0.009251674 -0.357152015 0.010442344 0.999933064 0.004967200 -2.821356297 -0.009303149 -0.004870105 0.999944866 197.124343872
0.999916434 -0.008206754 0.009983622 -0.355214804 0.008202557 0.999966264 0.000461156 -2.839315414 -0.009987070 -0.000379226 0.999950051 198.567764282
0.999949992 -0.001129513 0.009937638 -0.355176061 0.001174687 0.999988973 -0.004541147 -2.857868195 -0.009932400 0.004552593 0.999940336 199.994232178
0.999902546 0.008128769 0.011342199 -0.361598790 -0.008077675 0.999957025 -0.004543369 -2.887108803 -0.011378642 0.004451309 0.999925375 201.440673828
0.999794006 0.016041400 0.012432265 -0.371601999 -0.016027644 0.999870837 -0.001205342 -2.906669378 -0.012449995 0.001005834 0.999921978 202.873092651
0.999776781 0.016446671 0.013260497 -0.359743059 -0.016465159 0.999863565 0.001286176 -2.934283972 -0.013237535 -0.001504225 0.999911249 204.323013306
0.999803603 0.014992705 0.012957434 -0.351402342 -0.015014187 0.999886036 0.001562207 -2.948804855 -0.012932536 -0.001756446 0.999914765 205.761428833
0.999871969 0.011169624 0.011455523 -0.327803582 -0.011188892 0.999936044 0.001619351 -2.972251177 -0.011436704 -0.001747318 0.999933064 207.220199585
0.999900460 0.009281061 0.010631696 -0.323055863 -0.009295760 0.999955893 0.001334199 -2.994459629 -0.010618846 -0.001432896 0.999942601 208.667266846
0.999906540 0.009444968 0.009879226 -0.306954145 -0.009450424 0.999955237 0.000505901 -3.011571407 -0.009874006 -0.000599217 0.999951065 210.152221680
0.999889731 0.010950016 0.010031397 -0.304603726 -0.010960833 0.999939322 0.001023889 -3.042401314 -0.010019578 -0.001133729 0.999949098 211.602096558
0.999881566 0.011522789 0.010202758 -0.300147384 -0.011541747 0.999931693 0.001801011 -3.065772772 -0.010181309 -0.001918555 0.999946356 213.059997559
0.999891520 0.011244809 0.009508572 -0.286146313 -0.011261298 0.999935150 0.001682299 -3.089244604 -0.009489039 -0.001789196 0.999953389 214.546981812
0.999893129 0.010924442 0.009712478 -0.290002674 -0.010932319 0.999939919 0.000758218 -3.115816593 -0.009703612 -0.000864317 0.999952495 216.002426147
0.999912143 0.009863026 0.008854682 -0.270328075 -0.009865293 0.999951303 0.000212367 -3.129402637 -0.008852156 -0.000299703 0.999960780 217.496170044
0.999909818 0.010285810 0.008633415 -0.267647803 -0.010287364 0.999947071 0.000135707 -3.152793407 -0.008631563 -0.000224510 0.999962687 218.969940186
0.999905169 0.010794700 0.008548953 -0.267107755 -0.010794613 0.999941647 -0.000056195 -3.176179171 -0.008549062 -0.000036093 0.999963462 220.450592041
0.999909341 0.010668878 0.008213998 -0.261943698 -0.010667644 0.999943078 -0.000193648 -3.201011896 -0.008215596 0.000106007 0.999966264 221.934570312
0.999906242 0.011341751 0.007675108 -0.256756544 -0.011338860 0.999935627 -0.000420221 -3.227220058 -0.007679379 0.000333155 0.999970555 223.428588867
0.999905109 0.011573800 0.007459282 -0.253003865 -0.011569437 0.999932885 -0.000627958 -3.249712467 -0.007466049 0.000541599 0.999971986 224.923645020
0.999897718 0.012218161 0.007430539 -0.256620646 -0.012214255 0.999925196 -0.000570742 -3.273442984 -0.007436957 0.000479926 0.999972284 226.401321411
0.999911547 0.011048153 0.007402769 -0.253240973 -0.011043597 0.999938786 -0.000656100 -3.300777912 -0.007409564 0.000574289 0.999972403 227.927520752
0.999934852 0.009134628 0.006839604 -0.242375538 -0.009130611 0.999958158 -0.000618312 -3.324598551 -0.006844965 0.000555822 0.999976456 229.445266724
0.999932766 0.008358176 0.008032470 -0.255036741 -0.008355034 0.999965012 -0.000424490 -3.354807615 -0.008035733 0.000357350 0.999967635 230.920730591
0.999944031 0.006834852 0.008070579 -0.254486591 -0.006838432 0.999976575 0.000416139 -3.375333786 -0.008067545 -0.000471306 0.999967396 232.431350708
0.999939144 0.007180057 0.008377075 -0.247756764 -0.007183977 0.999974072 0.000438050 -3.404623985 -0.008373714 -0.000498204 0.999964774 233.931701660
0.999928772 0.007666386 0.009140810 -0.253403902 -0.007668100 0.999970615 0.000152625 -3.424040079 -0.009139370 -0.000222706 0.999958217 235.443023682
0.999929726 0.007965859 0.008780050 -0.242535368 -0.007964093 0.999968231 -0.000236005 -3.458796501 -0.008781651 0.000166064 0.999961436 236.940277100
0.999906480 0.009832621 0.009511866 -0.242484450 -0.009834053 0.999951601 0.000103903 -3.479463577 -0.009510385 -0.000197433 0.999954760 238.447372437
0.999895275 0.010077287 0.010384121 -0.240480378 -0.010102936 0.999946058 0.002420458 -3.505520582 -0.010359169 -0.002525114 0.999943137 239.967758179
0.999894321 0.009655952 0.010867439 -0.228762016 -0.009686068 0.999949396 0.002722086 -3.522919178 -0.010840605 -0.002827061 0.999937236 241.471893311
0.999871850 0.010756382 0.011855786 -0.227596566 -0.010771744 0.999941170 0.001232602 -3.548889875 -0.011841828 -0.001360152 0.999928951 242.983108521
0.999865413 0.010862716 0.012295013 -0.213406086 -0.010864096 0.999940991 0.000045335 -3.570094347 -0.012293795 -0.000178903 0.999924421 244.502960205
0.999856591 0.011390679 0.012539485 -0.199159384 -0.011398783 0.999934852 0.000574927 -3.597794771 -0.012532122 -0.000717779 0.999921203 246.029342651
0.999864936 0.011215332 0.012023707 -0.177245662 -0.011235005 0.999935627 0.001569710 -3.620551825 -0.012005330 -0.001704584 0.999926507 247.574874878
0.999861777 0.011539499 0.011968221 -0.169001728 -0.011565549 0.999930859 0.002109539 -3.647527456 -0.011943052 -0.002247666 0.999926150 249.103485107
0.999858797 0.011652875 0.012107292 -0.158242926 -0.011681675 0.999929011 0.002310795 -3.670079470 -0.012079507 -0.002451902 0.999924123 250.636199951
0.999844015 0.013117095 0.011828473 -0.142698392 -0.013145719 0.999910831 0.002345380 -3.689895630 -0.011796655 -0.002500508 0.999927282 252.185516357
0.999820232 0.014589033 0.012106008 -0.136239573 -0.014619312 0.999890208 0.002416466 -3.713556051 -0.012069425 -0.002593013 0.999923766 253.712646484
0.999816418 0.014884317 0.012065140 -0.128645241 -0.014915387 0.999885678 0.002489109 -3.733685255 -0.012026712 -0.002668609 0.999924064 255.245208740
0.999831676 0.013489192 0.012432380 -0.124199912 -0.013522590 0.999905169 0.002606170 -3.752837658 -0.012396044 -0.002773849 0.999919355 256.795715332
0.999857545 0.011949443 0.011912587 -0.104276165 -0.011986575 0.999923527 0.003050504 -3.769410610 -0.011875224 -0.003192861 0.999924362 258.329345703
0.999875128 0.010089892 0.012162330 -0.089154713 -0.010134934 0.999941945 0.003647334 -3.786561251 -0.012124822 -0.003770143 0.999919295 259.880218506
0.999890149 0.008609270 0.012066185 -0.076704733 -0.008652227 0.999956369 0.003512439 -3.812161684 -0.012035419 -0.003616452 0.999920964 261.413940430
0.999900401 0.007737222 0.011801279 -0.067194127 -0.007763318 0.999967515 0.002167070 -3.836093187 -0.011784128 -0.002258471 0.999927938 262.946624756
0.999904633 0.005921663 0.012475835 -0.057555407 -0.005966276 0.999975920 0.003541759 -3.851690769 -0.012454562 -0.003615856 0.999915838 264.482849121
0.999907196 0.004168759 0.012969883 -0.053947009 -0.004242450 0.999974966 0.005659294 -3.871980667 -0.012945967 -0.005713793 0.999899864 266.010955811
0.999915302 0.003196246 0.012610683 -0.036404815 -0.003254819 0.999983966 0.004626876 -3.886507988 -0.012595694 -0.004667530 0.999909759 267.549438477
0.999912143 0.002207277 0.013071928 -0.017944274 -0.002257052 0.999990225 0.003794314 -3.905588150 -0.013063425 -0.003823484 0.999907374 269.104980469
0.999898553 0.003065941 0.013910071 -0.007510126 -0.003118365 0.999988079 0.003748614 -3.929245710 -0.013898414 -0.003791611 0.999896228 270.643035889
0.999880433 0.004750274 0.014716457 0.007954102 -0.004805862 0.999981403 0.003744243 -3.954469204 -0.014698397 -0.003814521 0.999884725 272.193237305
0.999860883 0.005600098 0.015714705 0.016208297 -0.005652558 0.999978602 0.003295902 -3.969879389 -0.015695909 -0.003384272 0.999871075 273.723937988
0.999837697 0.007241435 0.016497798 0.035301995 -0.007291662 0.999968946 0.002986277 -3.992704868 -0.016475657 -0.003106088 0.999859452 275.285095215
0.999806941 0.008264953 0.017824937 0.052384023 -0.008315217 0.999961674 0.002747676 -4.018710613 -0.017801544 -0.002895363 0.999837399 276.815338135
0.999793887 0.009182526 0.018103084 0.081235699 -0.009223513 0.999955058 0.002181917 -4.050221443 -0.018082233 -0.002348442 0.999833763 278.355255127
0.999782145 0.008011468 0.019273981 0.101578198 -0.008054148 0.999965191 0.002137803 -4.074412823 -0.019256186 -0.002292573 0.999812007 279.918243408
0.999769032 0.007855162 0.020004200 0.124604486 -0.007896631 0.999966860 0.001994878 -4.091738224 -0.019987868 -0.002152383 0.999797821 281.498443604
0.999766946 0.006917932 0.020456830 0.155021355 -0.006976311 0.999971807 0.002783802 -4.111728668 -0.020436993 -0.002925866 0.999786854 283.069702148
0.999761522 0.006283015 0.020915981 0.174503088 -0.006346640 0.999975383 0.002976931 -4.133464813 -0.020896766 -0.003108968 0.999776781 284.636047363
0.999776900 0.005917385 0.020276833 0.214334339 -0.005924840 0.999982476 0.000307634 -4.156064034 -0.020274650 -0.000427702 0.999794304 286.209197998
0.999786854 0.004464434 0.020156521 0.241375461 -0.004431455 0.999988914 -0.001680552 -4.181641102 -0.020163799 0.001590871 0.999795377 287.781982422
0.999803185 0.004198045 0.019389832 0.267523080 -0.004163725 0.999989808 -0.001810014 -4.205533504 -0.019397231 0.001728925 0.999810338 289.337860107
0.999825001 0.003069184 0.018453058 0.286339432 -0.003035870 0.999993682 -0.001833071 -4.231201649 -0.018458568 0.001776729 0.999828041 290.910522461
0.999843240 0.003665582 0.017325049 0.300593436 -0.003623198 0.999990404 -0.002477122 -4.256419182 -0.017333964 0.002413962 0.999846876 292.456146240
0.999851406 0.003419440 0.016892657 0.325381935 -0.003372248 0.999990284 -0.002821403 -4.286891937 -0.016902138 0.002764018 0.999853313 294.039306641
0.999867737 0.003291565 0.015927633 0.350817293 -0.003255259 0.999992013 -0.002304783 -4.316093445 -0.015935095 0.002252629 0.999870420 295.615386963
0.999884605 0.002812354 0.014922824 0.368358195 -0.002780156 0.999993682 -0.002177902 -4.346496105 -0.014928853 0.002136162 0.999886274 297.181457520
0.999900103 0.002583981 0.013894252 0.385281295 -0.002574408 0.999996424 -0.000706781 -4.375742435 -0.013896029 0.000670941 0.999903142 298.744232178
0.999907851 0.003937308 0.012986301 0.400664240 -0.003944856 0.999992073 0.000555697 -4.398957253 -0.012984010 -0.000606875 0.999915481 300.316101074
0.999895751 0.004198455 0.013815388 0.409358680 -0.004206651 0.999991000 0.000564287 -4.418655396 -0.013812895 -0.000622345 0.999904394 301.909942627
0.999884367 0.004507157 0.014523200 0.426102400 -0.004513513 0.999989748 0.000404960 -4.443197727 -0.014521225 -0.000470464 0.999894440 303.514007568
0.999881148 0.003247423 0.015069408 0.436664224 -0.003247831 0.999994755 0.000002670 -4.461709976 -0.015069320 -0.000051613 0.999886453 305.095794678
0.999887884 0.001080587 0.014930304 0.462312758 -0.001068662 0.999999225 -0.000806672 -4.490954876 -0.014931162 0.000790627 0.999888182 306.688690186
0.999882460 -0.000329044 0.015324160 0.482595295 0.000373638 0.999995649 -0.002907248 -4.514390945 -0.015323137 0.002912632 0.999878347 308.281921387
0.999884725 -0.000562200 0.015168209 0.496603698 0.000621765 0.999992132 -0.003922537 -4.541849613 -0.015165886 0.003931517 0.999877214 309.884948730
0.999918222 -0.000133888 0.012785637 0.513570726 0.000195798 0.999988258 -0.004840966 -4.575065136 -0.012784837 0.004843074 0.999906540 311.500335693
0.999940097 0.001099971 0.010892599 0.518930256 -0.001053809 0.999990463 -0.004242762 -4.600492001 -0.010897161 0.004231030 0.999931693 313.114685059
0.999946773 0.002338533 0.010057956 0.533284187 -0.002325540 0.999996483 -0.001303300 -4.624347687 -0.010060966 0.001279840 0.999948561 314.750457764
0.999940634 0.000443416 0.010888834 0.538066089 -0.000465672 0.999997795 0.002041453 -4.657845020 -0.010887906 -0.002046402 0.999938607 316.373199463
0.999946177 -0.000260234 0.010375999 0.560758948 0.000233810 0.999996781 0.002547821 -4.673218250 -0.010376628 -0.002545258 0.999942958 318.011016846
0.999936640 -0.001550309 0.011142363 0.560368419 0.001533723 0.999997616 0.001496920 -4.697453499 -0.011144657 -0.001479736 0.999936819 319.634735107
0.999928772 -0.003430501 0.011435390 0.565716386 0.003408916 0.999992371 0.001906549 -4.725645542 -0.011441845 -0.001867431 0.999932766 321.225860596
0.999925971 -0.002767709 0.011850510 0.572018504 0.002748401 0.999994814 0.001645203 -4.741971493 -0.011855004 -0.001612512 0.999928415 322.882110596
0.999918938 -0.002634672 0.012457162 0.585011482 0.002616212 0.999995410 0.001497970 -4.765064240 -0.012461052 -0.001465258 0.999921262 324.501312256
0.999921143 -0.001703463 0.012444025 0.600946665 0.001698681 0.999998450 0.000394877 -4.786293030 -0.012444678 -0.000373707 0.999922454 326.115966797
0.999910295 -0.000270664 0.013392892 0.609888673 0.000273717 0.999999940 -0.000226135 -4.816769123 -0.013392829 0.000229781 0.999910235 327.728576660
0.999907494 -0.001528787 0.013514760 0.631620646 0.001503986 0.999997139 0.001845047 -4.844541550 -0.013517541 -0.001824551 0.999906957 329.362609863
0.999894798 -0.002295063 0.014322088 0.638346136 0.002257728 0.999994040 0.002622437 -4.871100426 -0.014328022 -0.002589826 0.999894023 330.956878662
0.999891222 -0.003545297 0.014318709 0.654387057 0.003526099 0.999992847 0.001365817 -4.896279335 -0.014323448 -0.001315180 0.999896526 332.602661133
0.999901175 -0.001810922 0.013943136 0.678923845 0.001794101 0.999997675 0.001218798 -4.917428970 -0.013945310 -0.001193663 0.999902070 334.231475830
0.999914229 -0.000753449 0.013077348 0.690432370 0.000758262 0.999999702 -0.000363065 -4.950222492 -0.013077071 0.000372950 0.999914408 335.818847656
0.999914289 0.001942022 0.012958829 0.700730979 -0.001895414 0.999991715 -0.003607996 -4.977940559 -0.012965730 0.003583123 0.999909520 337.440948486
0.999922574 0.002947583 0.012087387 0.711051166 -0.002910026 0.999991000 -0.003123491 -5.008085728 -0.012096481 0.003088075 0.999922037 339.055603027
0.999930441 0.003953513 0.011109657 0.718658447 -0.003959873 0.999992013 0.000550493 -5.040528774 -0.011107390 -0.000594447 0.999938071 340.631042480
0.999939740 0.004409060 0.010050186 0.727589965 -0.004445913 0.999983490 0.003647509 -5.072029114 -0.010033937 -0.003691972 0.999942839 342.247955322
0.999949336 0.004973896 0.008748878 0.734933376 -0.004993957 0.999984920 0.002272813 -5.093907356 -0.008737441 -0.002316389 0.999959171 343.853454590
0.999966741 0.004458123 0.006827706 0.738430083 -0.004462610 0.999989808 0.000642044 -5.117022991 -0.006824774 -0.000672492 0.999976456 345.446014404
0.999984205 0.002992498 0.004749376 0.744402587 -0.003001334 0.999993801 0.001854313 -5.140491009 -0.004743797 -0.001868538 0.999987006 347.042968750
0.999991775 0.001230999 0.003861050 0.744308352 -0.001239878 0.999996603 0.002298014 -5.165202141 -0.003858208 -0.002302782 0.999989927 348.641815186
0.999991894 0.001744563 0.003627405 0.734495938 -0.001750212 0.999997258 0.001554443 -5.190726757 -0.003624683 -0.001560779 0.999992192 350.225280762
0.999995351 0.000303346 0.003032519 0.739578784 -0.000305354 0.999999702 0.000661650 -5.216029644 -0.003032318 -0.000662573 0.999995172 351.817596436
0.999995828 -0.000096720 0.002883838 0.739400625 0.000096488 0.999999940 0.000080600 -5.234096050 -0.002883845 -0.000080321 0.999995768 353.420227051
0.999995589 -0.000565838 0.002920880 0.733093739 0.000565899 0.999999762 -0.000019934 -5.259904385 -0.002920867 0.000021587 0.999995708 355.016204834
0.999996126 -0.001115933 0.002559060 0.739558339 0.001117926 0.999999046 -0.000777762 -5.286102772 -0.002558189 0.000780620 0.999996424 356.608764648
0.999995470 -0.000676518 0.002932285 0.726492345 0.000680943 0.999998629 -0.001508553 -5.314540863 -0.002931260 0.001510543 0.999994576 358.214782715
0.999994457 -0.001018828 0.003164095 0.721506596 0.001023062 0.999998569 -0.001336671 -5.341701984 -0.003162728 0.001339901 0.999994099 359.800689697
0.999995470 -0.001226464 0.002741732 0.729899108 0.001231771 0.999997497 -0.001934665 -5.374279499 -0.002739352 0.001938033 0.999994338 361.401123047
0.999992788 -0.002798933 0.002564372 0.729339302 0.002807433 0.999990523 -0.003316930 -5.404870987 -0.002555064 0.003324104 0.999991238 362.989532471
0.999986351 -0.004473236 0.002689214 0.724008560 0.004476596 0.999989212 -0.001244673 -5.439275265 -0.002683617 0.001256695 0.999995589 364.574096680
0.999977171 -0.006252483 0.002538904 0.729993522 0.006253912 0.999980330 -0.000555052 -5.465024471 -0.002535383 0.000570917 0.999996662 366.166320801
0.999975502 -0.006423552 0.002784518 0.723926961 0.006428733 0.999977589 -0.001856138 -5.490308285 -0.002772532 0.001873993 0.999994338 367.774597168
0.999982655 -0.004750723 0.003503415 0.710092664 0.004760523 0.999984682 -0.002794325 -5.510979176 -0.003490086 0.002810954 0.999989927 369.388336182
0.999985576 -0.003938544 0.003655951 0.708417296 0.003944437 0.999990940 -0.001606401 -5.548918247 -0.003649591 0.001620799 0.999992013 370.984222412
0.999989033 -0.002309237 0.004072026 0.704676986 0.002313412 0.999996841 -0.001021015 -5.572860718 -0.004069655 0.001030424 0.999991179 372.588287354
0.999989808 -0.002594493 0.003687987 0.710914075 0.002599227 0.999995768 -0.001279638 -5.602935791 -0.003684651 0.001289211 0.999992371 374.190216064
0.999990106 -0.002425007 0.003719362 0.700705588 0.002434134 0.999993980 -0.002451232 -5.625428677 -0.003713396 0.002460261 0.999990046 375.775421143
0.999989390 -0.001902432 0.004179347 0.692452848 0.001912647 0.999995172 -0.002441357 -5.660132408 -0.004174683 0.002449325 0.999988198 377.375335693
0.999987721 -0.001743694 0.004614292 0.697819948 0.001753180 0.999996364 -0.002052606 -5.697263718 -0.004610696 0.002060670 0.999987185 378.994232178
0.999989212 0.000180203 0.004623797 0.690761983 -0.000168064 0.999996662 -0.002625513 -5.714523315 -0.004624253 0.002624707 0.999985814 380.615905762
0.999985099 0.001910303 0.005115599 0.689552963 -0.001898824 0.999995708 -0.002247852 -5.742936611 -0.005119871 0.002238105 0.999984384 382.221771240
0.999974787 0.003597639 0.006119894 0.667490184 -0.003581112 0.999989867 -0.002709545 -5.776238441 -0.006129581 0.002687561 0.999977589 383.850402832
