1.000000000 0.000000000 0.000000000 0.000000000 0.000000000 1.000000000 0.000000000 0.000000000 0.000000000 0.000000000 1.000000000 0.000000000
0.999999583 -0.000784624 -0.000470684 -0.008693335 0.000784542 0.999999702 -0.000174966 -0.014488925 0.000470821 0.000174597 0.999999881 1.311856747
0.999997318 -0.002190930 -0.000740920 0.000333104 0.002190221 0.999997139 -0.000955403 -0.038277075 0.000743011 0.000953777 0.999999285 2.630645990
0.999996662 -0.002536366 -0.000445220 -0.011630381 0.002536052 0.999996543 -0.000703641 -0.063837260 0.000447003 0.000702509 0.999999583 3.941618919
0.999995887 -0.002791465 -0.000612194 -0.016752310 0.002791551 0.999996066 0.000139605 -0.084938325 0.000611802 -0.000141313 0.999999821 5.260086536
0.999990463 -0.004361292 -0.000153000 -0.022600578 0.004361475 0.999989688 0.001219030 -0.104639053 0.000147682 -0.001219686 0.999999225 6.587247372
0.999992788 -0.003762209 -0.000572531 -0.029534534 0.003763168 0.999991536 0.001684809 -0.122843459 0.000566187 -0.001686951 0.999998331 7.928675175
0.999995649 -0.002829428 -0.000841888 -0.043997094 0.002829258 0.999996006 -0.000202020 -0.142838702 0.000842457 0.000199637 0.999999583 9.263201714
0.999999404 -0.000461791 -0.000941310 -0.045936644 0.000459820 0.999997675 -0.002093754 -0.171660170 0.000942275 0.002093321 0.999997377 10.584550858
0.999995470 0.002929768 -0.000746255 -0.057224158 -0.002931954 0.999991357 -0.002945309 -0.197713539 0.000737620 0.002947484 0.999995351 11.932556152
0.999985695 0.005316535 -0.000594522 -0.076109163 -0.005318247 0.999981582 -0.002914066 -0.223427936 0.000579018 0.002917187 0.999995589 13.267141342
0.999975562 0.006965165 -0.000664907 -0.083037637 -0.006966659 0.999973238 -0.002271209 -0.242431745 0.000649070 0.002275786 0.999997199 14.619133949
0.999991357 0.004155649 0.000002168 -0.091536261 -0.004155650 0.999991179 0.000571115 -0.269222975 0.000000205 -0.000571119 0.999999762 15.970723152
1.000000000 -0.000178512 -0.000043812 -0.091902308 0.000178617 0.999997020 0.002419139 -0.290960908 0.000043380 -0.002419146 0.999997079 17.322692871
0.999996901 -0.002471599 -0.000233243 -0.095334955 0.002471643 0.999997020 0.000190219 -0.309328407 0.000232772 -0.000190795 0.999999881 18.667467117
0.999993205 -0.003657814 -0.000366325 -0.103301801 0.003657204 0.999991953 -0.001651726 -0.331208706 0.000372364 0.001650375 0.999998510 20.018863678
0.999999344 -0.000909925 0.000679883 -0.115797564 0.000912224 0.999993861 -0.003388755 -0.355333209 -0.000676795 0.003389374 0.999994040 21.365688324
0.999996781 0.002050039 0.001482570 -0.128171623 -0.002047713 0.999996722 -0.001569005 -0.373313129 -0.001485782 0.001565964 0.999997675 22.730230331
0.999995828 0.002226233 0.001856413 -0.136626184 -0.002230292 0.999995053 0.002187146 -0.401058227 -0.001851535 -0.002191277 0.999995887 24.102697372
0.999996781 0.000067597 0.002542598 -0.137660339 -0.000077964 0.999991715 0.004077296 -0.413374096 -0.002542302 -0.004077481 0.999988496 25.486362457
0.999990523 -0.003824767 0.002102733 -0.139846891 0.003819933 0.999990046 0.002298157 -0.430488110 -0.002111502 -0.002290103 0.999995172 26.856254578
0.999988377 -0.004402400 0.001950978 -0.133769348 0.004402663 0.999990225 -0.000130487 -0.453701466 -0.001950385 0.000139075 0.999998033 28.242101669
0.999984682 -0.004859190 0.002628428 -0.136546209 0.004866490 0.999984324 -0.002777951 -0.473888040 -0.002614888 0.002790700 0.999992728 29.632369995
0.999993145 -0.001419862 0.003428065 -0.146244317 0.001430711 0.999993980 -0.003164124 -0.505613208 -0.003423552 0.003169008 0.999989033 30.998174667
0.999993682 -0.000168818 0.003565392 -0.150179327 0.000188533 0.999984682 -0.005529935 -0.529532433 -0.003564405 0.005530573 0.999978364 32.377567291
0.999992430 0.000441086 0.003873379 -0.151287913 -0.000422891 0.999988854 -0.004696820 -0.560221434 -0.003875408 0.004695147 0.999981403 33.755863190
0.999992728 0.000562526 0.003788470 -0.158864170 -0.000549346 0.999993801 -0.003479126 -0.589485526 -0.003790404 0.003477019 0.999986708 35.142650604
0.999992013 0.001856725 0.003545018 -0.161565438 -0.001850670 0.999996841 -0.001710613 -0.622221649 -0.003548183 0.001704038 0.999992251 36.547805786
0.999981880 0.004696049 0.003763190 -0.175921366 -0.004690723 0.999988079 -0.001422795 -0.645001829 -0.003769826 0.001405118 0.999991834 37.947448730
0.999966741 0.007136671 0.003944879 -0.176182672 -0.007129502 0.999973059 -0.001828152 -0.671679080 -0.003957820 0.001799966 0.999990523 39.351730347
0.999953449 0.008957641 0.003596551 -0.178923458 -0.008954224 0.999959528 -0.000964942 -0.699338615 -0.003605048 0.000932693 0.999993145 40.759544373
0.999945700 0.009831650 0.003458014 -0.187429115 -0.009826575 0.999950647 -0.001481619 -0.717619061 -0.003472410 0.001447558 0.999992907 42.165821075
0.999948382 0.009530284 0.003516210 -0.201336265 -0.009524286 0.999953210 -0.001718900 -0.738717556 -0.003532426 0.001685322 0.999992371 43.566894531
0.999963462 0.008159515 0.002542703 -0.199362129 -0.008154810 0.999964952 -0.001855209 -0.769428253 -0.002557752 0.001834406 0.999995053 44.991725922
0.999971747 0.007326598 0.001675038 -0.204136193 -0.007323812 0.999971747 -0.001663838 -0.795640886 -0.001687181 0.001651523 0.999997258 46.397907257
0.999968469 0.007933101 0.000620630 -0.204903826 -0.007932876 0.999968469 -0.000365365 -0.822243035 -0.000623509 0.000360430 0.999999762 47.821647644
0.999963939 0.008492584 -0.000241291 -0.221219152 -0.008492795 0.999963582 -0.000884821 -0.839781225 0.000233768 0.000886839 0.999999583 49.228569031
0.999960303 0.008813695 -0.001384564 -0.231435761 -0.008814172 0.999961078 -0.000338344 -0.867699981 0.001381528 0.000350534 0.999998927 50.647052765
0.999958754 0.008624693 -0.002837566 -0.241533369 -0.008622870 0.999962628 0.000654044 -0.893003166 0.002843101 -0.000629549 0.999995768 52.065799713
0.999968171 0.007405227 -0.002964486 -0.257577270 -0.007400088 0.999971032 0.001740406 -0.919468343 0.002977289 -0.001718414 0.999994099 53.501796722
0.999974370 0.006176420 -0.003633993 -0.266277701 -0.006170428 0.999979615 0.001657377 -0.934291601 0.003644156 -0.001634912 0.999992013 54.940986633
0.999984980 0.003773283 -0.003960929 -0.280327201 -0.003769199 0.999992311 0.001037859 -0.960153878 0.003964815 -0.001022914 0.999991536 56.360668182
0.999987721 0.002024837 -0.004510160 -0.286647946 -0.002017692 0.999996722 0.001587931 -0.986533225 0.004513361 -0.001578812 0.999988556 57.788684845
0.999992251 0.000995331 -0.003810003 -0.299822718 -0.000987340 0.999997258 0.002098713 -1.009034395 0.003812081 -0.002094935 0.999990523 59.212535858
0.999993503 -0.000314512 -0.003610482 -0.305503905 0.000325840 0.999994993 0.003137575 -1.031825900 0.003609477 -0.003138730 0.999988556 60.644195557
0.999995649 -0.001474479 -0.002541355 -0.329133064 0.001481285 0.999995291 0.002678186 -1.062064886 0.002537394 -0.002681939 0.999993205 62.041316986
0.999996126 -0.002310657 -0.001525468 -0.346116781 0.002312969 0.999996126 0.001515719 -1.077738285 0.001521960 -0.001519242 0.999997795 63.455936432
0.999994755 -0.002888471 -0.001483640 -0.343792856 0.002890970 0.999994397 0.001684788 -1.111372828 0.001478766 -0.001689069 0.999997497 64.862304688
0.999997377 -0.002206956 -0.000661661 -0.348898679 0.002208187 0.999995768 0.001864507 -1.136297107 0.000657543 -0.001865963 0.999998033 66.282501221
0.999998689 0.001542947 -0.000294183 -0.367029488 -0.001542097 0.999994695 0.002870173 -1.155925751 0.000298610 -0.002869716 0.999995828 67.686592102
0.999986291 0.005150696 0.000882186 -0.386275142 -0.005154235 0.999978542 0.004057145 -1.176888347 -0.000861270 -0.004061636 0.999991417 69.080146790
0.999962389 0.008555248 0.001402965 -0.391910493 -0.008561772 0.999952257 0.004713397 -1.203160048 -0.001362574 -0.004725233 0.999987900 70.490623474
0.999918342 0.012573433 0.002250527 -0.408799946 -0.012583527 0.999910653 0.004528005 -1.223906398 -0.002193394 -0.004555955 0.999987185 71.892532349
0.999864161 0.016221404 0.002911466 -0.419707537 -0.016231878 0.999861717 0.003610003 -1.244737387 -0.002852504 -0.003656771 0.999989212 73.291679382
0.999834597 0.017822497 0.003618929 -0.424865365 -0.017835619 0.999834299 0.003626386 -1.267960906 -0.003553699 -0.003690331 0.999986887 74.678176880
0.999835074 0.017742733 0.003882077 -0.430866063 -0.017758049 0.999834538 0.003948128 -1.287785769 -0.003811384 -0.004016415 0.999984622 76.078918457
0.999843836 0.017169172 0.004220126 -0.437719733 -0.017183898 0.999846280 0.003477795 -1.307958245 -0.004159767 -0.003549770 0.999985039 77.466598511
0.999866843 0.015795073 0.004089298 -0.441117257 -0.015805850 0.999871671 0.002616446 -1.329573870 -0.004047446 -0.002680733 0.999988198 78.859146118
0.999879599 0.015085621 0.003637417 -0.441292435 -0.015095670 0.999882281 0.002751552 -1.351609945 -0.003595480 -0.002806130 0.999989629 80.242767334
0.999882460 0.014965804 0.003331780 -0.440170914 -0.014975196 0.999883831 0.002811054 -1.372240543 -0.003289324 -0.002860618 0.999990523 81.626670837
0.999893248 0.014375974 0.002619668 -0.440432906 -0.014381882 0.999894023 0.002250184 -1.392492414 -0.002587041 -0.002287619 0.999994040 83.009979248
0.999891043 0.014588760 0.002250481 -0.460758597 -0.014594859 0.999889791 0.002717893 -1.409486175 -0.002210582 -0.002750443 0.999993801 84.383049011
0.999883294 0.015221424 0.001270300 -0.457849652 -0.015225513 0.999878764 0.003273356 -1.436031818 -0.001220321 -0.003292315 0.999993920 85.738243103
0.999926031 0.012156861 0.000332281 -0.472522378 -0.012158247 0.999915719 0.004546511 -1.462291360 -0.000276982 -0.004550214 0.999989629 87.145805359
0.999950230 0.009961220 -0.000466121 -0.495468289 -0.009958665 0.999936938 0.005190609 -1.481131434 0.000517796 -0.005185710 0.999986410 88.510398865
0.999969363 0.007575554 -0.001947418 -0.477817833 -0.007564812 0.999956429 0.005465030 -1.510744691 0.001988734 -0.005450131 0.999983191 89.878257751
0.999975681 0.006504641 -0.002500634 -0.485676467 -0.006492417 0.999967039 0.004865486 -1.530356050 0.002532200 -0.004849133 0.999985039 91.249198914
0.999981821 0.005470140 -0.002534491 -0.495950282 -0.005459142 0.999975681 0.004326209 -1.547454119 0.002558095 -0.004312295 0.999987364 92.591491699
0.999979854 0.005781064 -0.002601427 -0.511780918 -0.005771940 0.999977171 0.003501467 -1.564476967 0.002621610 -0.003486382 0.999990463 93.952354431
0.999980271 0.005816921 -0.002362395 -0.522348762 -0.005809242 0.999977887 0.003244473 -1.589506626 0.002381215 -0.003230685 0.999991953 95.318367004
0.999973655 0.006879180 -0.002304930 -0.536988854 -0.006873284 0.999973059 0.002556221 -1.611489415 0.002322452 -0.002540311 0.999994159 96.663528442
0.999968886 0.007644792 -0.001926676 -0.549572945 -0.007639275 0.999966741 0.002854234 -1.633769989 0.001948432 -0.002839427 0.999994099 98.007011414
0.999965966 0.008019993 -0.001916506 -0.557766914 -0.008012106 0.999959528 0.004087626 -1.648880363 0.001949211 -0.004072133 0.999989808 99.348922729
0.999954760 0.009365539 -0.001652334 -0.569621742 -0.009356001 0.999940038 0.005688909 -1.675518751 0.001705515 -0.005673193 0.999982417 100.690979004
0.999957979 0.009039593 -0.001529145 -0.575845063 -0.009033142 0.999950469 0.004175481 -1.691042900 0.001566814 -0.004161492 0.999990165 102.041435242
0.999956906 0.009189076 -0.001268923 -0.593357384 -0.009186942 0.999956310 0.001676491 -1.712583899 0.001284273 -0.001664761 0.999997795 103.351333618
0.999963522 0.008376158 -0.001669249 -0.595841348 -0.008375256 0.999964714 0.000546106 -1.731566191 0.001673764 -0.000532105 0.999998450 104.702468872
0.999981701 0.005877621 -0.001416423 -0.605367005 -0.005874962 0.999980986 0.001874525 -1.758006096 0.001427414 -0.001866169 0.999997199 106.035270691
0.999994457 0.003257951 -0.000742207 -0.613242209 -0.003254935 0.999986589 0.004028031 -1.779869676 0.000755320 -0.004025592 0.999991596 107.376823425
0.999996901 0.002480961 0.000216579 -0.621908784 -0.002481861 0.999987900 0.004254151 -1.795339942 -0.000206022 -0.004254676 0.999990940 108.709579468
0.999997973 0.001704417 0.001062853 -0.628139317 -0.001707593 0.999994040 0.002994155 -1.814613938 -0.001057744 -0.002995964 0.999994993 110.027267456
0.999993205 0.003308178 0.001628268 -0.632994890 -0.003309168 0.999994338 0.000605666 -1.837528110 -0.001626255 -0.000611050 0.999998450 111.375518799
0.999979854 0.005631573 0.002938150 -0.641057551 -0.005627090 0.999982953 -0.001532456 -1.859526038 -0.002946730 0.001515892 0.999994516 112.715026855
0.999954283 0.008604549 0.004173676 -0.646641850 -0.008598197 0.999961793 -0.001537739 -1.879123688 -0.004186749 0.001501782 0.999990106 114.047950745
0.999936283 0.009778344 0.005645769 -0.650031447 -0.009780703 0.999952078 0.000390145 -1.902432680 -0.005641684 -0.000445339 0.999983966 115.399368286
0.999927282 0.009908075 0.006867950 -0.652162671 -0.009926560 0.999947131 0.002662537 -1.925597787 -0.006841207 -0.002730519 0.999972880 116.731872559
0.999922693 0.009588620 0.007918671 -0.652569771 -0.009612738 0.999949217 0.003013357 -1.942473650 -0.007889376 -0.003089244 0.999964118 118.065742493
0.999917746 0.009618614 0.008481694 -0.639772415 -0.009640200 0.999950409 0.002507645 -1.956951857 -0.008457154 -0.002589204 0.999960899 119.422843933
0.999892116 0.011149604 0.009563170 -0.630107641 -0.011168264 0.999935865 0.001899990 -1.974649429 -0.009541372 -0.002006589 0.999952555 120.772186279
0.999842584 0.013812745 0.011134463 -0.639612377 -0.013830248 0.999903262 0.001496698 -1.994909286 -0.011112714 -0.001650455 0.999936879 122.096351624
0.999821007 0.014449755 0.012212810 -0.636145055 -0.014452665 0.999895573 0.000150005 -2.008999348 -0.012209369 -0.000326486 0.999925315 123.447509766
0.999792993 0.015631091 0.013024361 -0.621605337 -0.015627041 0.999877810 -0.000412568 -2.037102699 -0.013029218 0.000208950 0.999915123 124.792678833
0.999791682 0.014729118 0.014134791 -0.615087748 -0.014722009 0.999891460 -0.000607010 -2.057800531 -0.014142196 0.000398791 0.999899983 126.139488220
0.999795675 0.013815941 0.014763616 -0.594789386 -0.013827763 0.999904156 0.000698904 -2.083746433 -0.014752546 -0.000902909 0.999890745 127.489524841
0.999798417 0.012520640 0.015699398 -0.583976269 -0.012544072 0.999920309 0.001394867 -2.106069803 -0.015680684 -0.001591520 0.999875724 128.809692383
0.999796271 0.011971303 0.016251519 -0.573873878 -0.012000818 0.999926448 0.001719731 -2.123109818 -0.016229739 -0.001914412 0.999866426 130.192062378
0.999823749 0.009680179 0.016084090 -0.552895904 -0.009710358 0.999951243 0.001799216 -2.139415503 -0.016065890 -0.001955081 0.999868989 131.558517456
0.999841630 0.008089365 0.015852386 -0.536396980 -0.008124649 0.999964654 0.002162661 -2.159546137 -0.015834330 -0.002291114 0.999871969 132.889984131
0.999862850 0.006436800 0.015262847 -0.523498416 -0.006468855 0.999976993 0.002051757 -2.181808233 -0.015249289 -0.002150209 0.999881446 134.238540649
0.999881804 0.005436573 0.014387216 -0.516998231 -0.005462966 0.999983430 0.001795766 -2.198030710 -0.014377218 -0.001874150 0.999894917 135.571929932
0.999910593 0.003478057 0.012912980 -0.489816904 -0.003517477 0.999989331 0.003031421 -2.225731134 -0.012902297 -0.003076572 0.999912024 136.928253174
0.999927759 0.001728679 0.011897999 -0.477785110 -0.001765089 0.999993801 0.003050351 -2.244103909 -0.011892652 -0.003071131 0.999924541 138.268341064
0.999945045 0.002068839 0.010269267 -0.465814054 -0.002098375 0.999993682 0.002866197 -2.265074492 -0.010263271 -0.002887589 0.999943137 139.613815308
0.999954879 0.001343546 0.009398260 -0.464408964 -0.001369348 0.999995351 0.002739466 -2.291200161 -0.009394534 -0.002752212 0.999952018 140.955062866
0.999963582 0.001528379 0.008399505 -0.461782396 -0.001547152 0.999996305 0.002228990 -2.311313152 -0.008396068 -0.002241905 0.999962211 142.289657593
0.999971271 -0.000819858 0.007542692 -0.462990999 0.000820782 0.999999642 -0.000119399 -2.332411051 -0.007542592 0.000125586 0.999971569 143.623306274
0.999957025 -0.006775725 0.006313800 -0.442648441 0.006780015 0.999976754 -0.000658245 -2.354561567 -0.006309194 0.000701024 0.999979794 144.994781494
0.999892712 -0.013608583 0.005423595 -0.435608834 0.013599846 0.999906123 0.001644784 -2.373899698 -0.005445470 -0.001570847 0.999983907 146.345123291
0.999783337 -0.020380648 0.004222036 -0.428694606 0.020368759 0.999788523 0.002840322 -2.390702009 -0.004279030 -0.002753709 0.999987066 147.693588257
0.999693811 -0.024589237 0.002761462 -0.408947974 0.024589038 0.999697566 0.000105481 -2.422981262 -0.002763220 -0.000037547 0.999996185 149.022857666
0.999703884 -0.024119198 0.003244611 -0.409574777 0.024129102 0.999704123 -0.003048705 -2.445945501 -0.003170119 0.003126092 0.999990106 150.366928101
0.999781072 -0.020535266 0.004010338 -0.413279980 0.020555770 0.999775469 -0.005139904 -2.474806309 -0.003903888 0.005221215 0.999978721 151.708877563
0.999774873 -0.020579642 0.005163661 -0.426734835 0.020606972 0.999773562 -0.005296413 -2.505037069 -0.005053494 0.005401628 0.999972641 153.035583496
0.999704242 -0.023687519 0.005492813 -0.411006063 0.023697851 0.999717414 -0.001823920 -2.531454563 -0.005448057 0.001953549 0.999983251 154.396591187
0.999570847 -0.028623566 0.006224544 -0.408146471 0.028619740 0.999590158 0.000702426 -2.552042961 -0.006242098 -0.000523980 0.999980390 155.748321533
0.999452055 -0.032519277 0.006168237 -0.393970579 0.032505360 0.999468744 0.002343630 -2.574883461 -0.006241173 -0.002141845 0.999978244 157.097579956
0.999397516 -0.034143221 0.006222919 -0.388372809 0.034130096 0.999414980 0.002202844 -2.595360041 -0.006294490 -0.001989129 0.999978244 158.438095093
0.999441624 -0.032611828 0.007267997 -0.384868413 0.032590330 0.999464095 0.003056687 -2.619529724 -0.007363786 -0.002818114 0.999968827 159.779174805
0.999558151 -0.028438432 0.008642372 -0.390690774 0.028421618 0.999593854 0.002062090 -2.637404442 -0.008697504 -0.001815548 0.999960423 161.127456665
0.999655068 -0.024579752 0.009248208 -0.380915165 0.024582077 0.999697804 -0.000137843 -2.656656504 -0.009242026 0.000365135 0.999957144 162.480606079
0.999709785 -0.021940824 0.009947620 -0.373661339 0.021949308 0.999758780 -0.000744453 -2.677545547 -0.009928887 0.000962581 0.999950230 163.837051392
0.999739826 -0.020340601 0.010321232 -0.369713783 0.020334933 0.999792993 0.000653323 -2.706209421 -0.010332385 -0.000443272 0.999946535 165.190582275
0.999781668 -0.018449627 0.009816947 -0.358556330 0.018448342 0.999829769 0.000221248 -2.731401920 -0.009819358 -0.000040093 0.999951780 166.555343628
0.999826252 -0.015932424 0.009674483 -0.353407443 0.015957583 0.999869466 -0.002528834 -2.749351025 -0.009632931 0.002682776 0.999949992 167.919113159
0.999889314 -0.011744007 0.009133467 -0.350941956 0.011792951 0.999916255 -0.005323297 -2.774075747 -0.009070186 0.005430419 0.999944091 169.274887085
0.999935091 -0.006970578 0.009009593 -0.351349205 0.007029800 0.999953747 -0.006558328 -2.805839539 -0.008963464 0.006621238 0.999937892 170.658432007
0.999953032 -0.002512415 0.009375299 -0.352281392 0.002562284 0.999982536 -0.005310979 -2.832807064 -0.009361791 0.005334751 0.999941885 172.037002563
0.999948323 0.000609803 0.010140401 -0.358415544 -0.000574191 0.999993801 -0.003514433 -2.859565258 -0.010142481 0.003508429 0.999942422 173.394409180
0.999947727 0.001610216 0.010097064 -0.353356719 -0.001597800 0.999997973 -0.001237603 -2.885771036 -0.010099038 0.001221406 0.999948263 174.781402588
0.999954402 -0.001711645 0.009397021 -0.348114133 0.001712768 0.999998569 -0.000111417 -2.910804033 -0.009396818 0.000127507 0.999955893 176.160858154
0.999962866 -0.004144575 0.007545412 -0.328863263 0.004144695 0.999991357 -0.000000122 -2.933438540 -0.007545347 0.000031395 0.999971509 177.563385010
0.999975264 -0.004221134 0.005622631 -0.326319963 0.004247101 0.999980330 -0.004614431 -2.955876112 -0.005603043 0.004638198 0.999973536 178.960617065
0.999987543 -0.003080727 0.003934584 -0.322418481 0.003113835 0.999959528 -0.008436511 -2.987836599 -0.003908434 0.008448657 0.999956667 180.345123291
0.999993324 0.001583880 0.003294034 -0.330638677 -0.001553914 0.999957502 -0.009079903 -3.019370556 -0.003308277 0.009074721 0.999953330 181.745742798
0.999981880 0.005101269 0.003202830 -0.340607107 -0.005074760 0.999953270 -0.008231013 -3.051203489 -0.003244669 0.008214609 0.999961019 183.144134521
0.999968231 0.007087667 0.003638002 -0.351142883 -0.007070444 0.999963760 -0.004725662 -3.080494165 -0.003671363 0.004699790 0.999982178 184.547348022
0.999964297 0.007517600 0.003865205 -0.353081107 -0.007507674 0.999968469 -0.002576058 -3.109414577 -0.003884448 0.002546947 0.999989152 185.951248169
0.999966621 0.007005407 0.004203466 -0.355597615 -0.006998030 0.999973893 -0.001767559 -3.127627850 -0.004215739 0.001738084 0.999989569 187.361419678
0.999978065 0.005401527 0.003827669 -0.349751323 -0.005396403 0.999984503 -0.001347562 -3.151012421 -0.003834890 0.001326877 0.999991775 188.796936035
0.999991179 0.002175986 0.003583008 -0.348859042 -0.002173495 0.999997377 -0.000698669 -3.180184603 -0.003584519 0.000690875 0.999993324 190.219482422
0.999991119 0.000091226 0.004213564 -0.345396578 -0.000087554 0.999999642 -0.000871551 -3.199105978 -0.004213642 0.000871174 0.999990761 191.642227173
0.999985635 -0.002984361 0.004446102 -0.339084834 0.002983707 0.999995649 0.000153917 -3.223595381 -0.004446540 -0.000140649 0.999990165 193.063079834
0.999957979 -0.007680551 0.004987436 -0.336458206 0.007671192 0.999968767 0.001892872 -3.247466326 -0.005001819 -0.001854534 0.999985695 194.510559082
0.999938309 -0.009899611 0.005036920 -0.323233902 0.009892624 0.999949992 0.001410052 -3.262562275 -0.005050627 -0.001360137 0.999986291 195.956359863
0.999949634 -0.008225521 0.005755292 -0.334156722 0.008239817 0.999962926 -0.002464523 -3.296362877 -0.005734807 0.002511822 0.999980330 197.384170532
0.999982417 -0.001011069 0.005838817 -0.333093315 0.001054910 0.999971151 -0.007510170 -3.321242332 -0.005831056 0.007516198 0.999954700 198.810348511
0.999937117 0.008447958 0.007378857 -0.348286867 -0.008389981 0.999934077 -0.007853337 -3.349432230 -0.007444715 0.007790936 0.999941945 200.271652222
0.999839425 0.015802430 0.008451525 -0.360318959 -0.015766924 0.999866724 -0.004251585 -3.377246857 -0.008517584 0.004117649 0.999955297 201.700958252
0.999807715 0.017161457 0.009498592 -0.364284277 -0.017145408 0.999851406 -0.001768673 -3.411110163 -0.009527533 0.001605476 0.999953330 203.150314331
0.999842227 0.015406318 0.008850530 -0.353963315 -0.015394126 0.999880433 -0.001444019 -3.431989193 -0.008871719 0.001307545 0.999959767 204.594955444
0.999898970 0.011894431 0.007776249 -0.347086370 -0.011882756 0.999928236 -0.001545654 -3.455239773 -0.007794074 0.001453094 0.999968588 206.044738770
0.999924779 0.010237049 0.006755835 -0.336733758 -0.010222267 0.999945223 -0.002219047 -3.479594946 -0.006778182 0.002149820 0.999974728 207.519332886
0.999925673 0.010558321 0.006088397 -0.330343872 -0.010543003 0.999941170 -0.002542374 -3.506340504 -0.006114883 0.002477995 0.999978304 208.990463257
0.999905646 0.012119865 0.006469611 -0.338932633 -0.012105411 0.999924123 -0.002268863 -3.534005880 -0.006496619 0.002190332 0.999976575 210.451370239
0.999908924 0.012158463 0.005856173 -0.331884801 -0.012150738 0.999925375 -0.001352534 -3.564983368 -0.005872180 0.001281255 0.999981940 211.920242310
0.999909699 0.012099486 0.005849499 -0.338085592 -0.012088255 0.999925017 -0.001951590 -3.589168549 -0.005872674 0.001880703 0.999980986 213.385299683
0.999919713 0.011470907 0.005388698 -0.334644884 -0.011456096 0.999930561 -0.002771876 -3.620120287 -0.005420120 0.002709920 0.999981582 214.849227905
0.999921978 0.011255707 0.005411001 -0.337678879 -0.011237742 0.999931335 -0.003339065 -3.641132832 -0.005448212 0.003277998 0.999979794 216.304794312
0.999924600 0.011205069 0.005020203 -0.341013759 -0.011187958 0.999931514 -0.003423599 -3.673028708 -0.005058221 0.003367175 0.999981523 217.804840088
0.999922693 0.011516684 0.004687183 -0.341377854 -0.011499592 0.999927163 -0.003657575 -3.699886560 -0.004728966 0.003603390 0.999982297 219.289886475
0.999925017 0.011449157 0.004335580 -0.341139883 -0.011433351 0.999927938 -0.003652939 -3.733680487 -0.004377091 0.003603095 0.999983907 220.779968262
0.999915302 0.012356273 0.004090577 -0.348345459 -0.012340488 0.999916375 -0.003861809 -3.764306307 -0.004137954 0.003811003 0.999984205 222.269546509
0.999914408 0.012417676 0.004116481 -0.356740177 -0.012401121 0.999915004 -0.004023415 -3.792693615 -0.004166093 0.003972021 0.999983490 223.746322632
0.999911547 0.012819269 0.003541406 -0.355089784 -0.012805196 0.999910116 -0.003968417 -3.822015762 -0.003591961 0.003922718 0.999985874 225.251937866
0.999924123 0.011852389 0.003341401 -0.357004613 -0.011837657 0.999920249 -0.004395034 -3.845711470 -0.003393226 0.004355147 0.999984741 226.746383667
0.999941111 0.010333136 0.003320971 -0.359750062 -0.010319430 0.999938190 -0.004118138 -3.884443521 -0.003363319 0.004083624 0.999985993 228.247711182
0.999950111 0.009187359 0.003919038 -0.373203874 -0.009172264 0.999950469 -0.003852349 -3.915139914 -0.003954236 0.003816210 0.999984860 229.743423462
0.999960124 0.008029906 0.003907518 -0.369615138 -0.008017592 0.999962866 -0.003156971 -3.943743467 -0.003932724 0.003125517 0.999987364 231.264846802
0.999958456 0.008162081 0.004065973 -0.375085205 -0.008152260 0.999963820 -0.002426549 -3.976863861 -0.004085633 0.002393302 0.999988794 232.764099121
0.999955475 0.008524336 0.004050772 -0.378921390 -0.008511943 0.999959052 -0.003066263 -4.010280609 -0.004076743 0.003031647 0.999987006 234.280517578
0.999949336 0.009127952 0.004222262 -0.377147943 -0.009113020 0.999952197 -0.003542606 -4.042391300 -0.004254397 0.003503949 0.999984801 235.793319702
0.999935448 0.010260045 0.004866325 -0.382001251 -0.010247142 0.999943912 -0.002669166 -4.074020386 -0.004893437 0.002619128 0.999984622 237.297897339
0.999925196 0.010707865 0.005913280 -0.392974764 -0.010703390 0.999942422 -0.000787995 -4.100142479 -0.005921377 0.000724644 0.999982178 238.821121216
0.999920666 0.010727230 0.006600539 -0.394865602 -0.010724246 0.999942422 -0.000487443 -4.124114990 -0.006605387 0.000416618 0.999978065 240.329208374
0.999909520 0.011265485 0.007352136 -0.392396599 -0.011252520 0.999935091 -0.001802435 -4.158713818 -0.007371963 0.001719542 0.999971271 241.835418701
0.999899447 0.011790127 0.007872141 -0.384060860 -0.011763334 0.999924898 -0.003440927 -4.182099819 -0.007912117 0.003347979 0.999963045 243.349411011
0.999900579 0.011547288 0.008093157 -0.385627061 -0.011527095 0.999930322 -0.002537258 -4.214820385 -0.008121891 0.002443715 0.999963999 244.867996216
0.999904096 0.011420662 0.007830144 -0.379346490 -0.011410384 0.999933898 -0.001355891 -4.247413158 -0.007845112 0.001266416 0.999968410 246.390884399
0.999897301 0.012002254 0.007827137 -0.380828857 -0.011993774 0.999927402 -0.001129082 -4.273313522 -0.007840120 0.001035089 0.999968708 247.926773071
0.999900460 0.011913912 0.007571610 -0.377658427 -0.011908100 0.999928713 -0.000812520 -4.306301594 -0.007580752 0.000722276 0.999970973 249.446350098
0.999877691 0.013324837 0.008185556 -0.377864152 -0.013321315 0.999911189 -0.000484732 -4.334200859 -0.008191288 0.000375631 0.999966323 250.985107422
0.999856591 0.014839798 0.008154199 -0.378911287 -0.014834581 0.999889731 -0.000700078 -4.358561516 -0.008163690 0.000579013 0.999966502 252.496276855
0.999844611 0.015364029 0.008647680 -0.380180299 -0.015361997 0.999881983 -0.000301456 -4.385363579 -0.008651292 0.000168563 0.999962509 254.030792236
0.999873459 0.013506040 0.008399635 -0.378939539 -0.013503872 0.999908686 -0.000314633 -4.409636974 -0.008403115 0.000201166 0.999964654 255.585205078
0.999896049 0.011922870 0.008101352 -0.365535706 -0.011926617 0.999928713 0.000414510 -4.434091568 -0.008095832 -0.000511089 0.999967098 257.118560791
0.999919295 0.009604882 0.008315388 -0.361151040 -0.009609400 0.999953568 0.000503327 -4.448482037 -0.008310169 -0.000583193 0.999965250 258.660461426
0.999933064 0.007530170 0.008799629 -0.374518812 -0.007536411 0.999971390 0.000676235 -4.485560417 -0.008794284 -0.000742507 0.999961078 260.190368652
0.999946773 0.006287533 0.008183698 -0.363787919 -0.006284753 0.999980211 -0.000365323 -4.509119034 -0.008185832 0.000313871 0.999966502 261.742523193
0.999942124 0.005388385 0.009307863 -0.365839958 -0.005397172 0.999985039 0.000919217 -4.525210381 -0.009302772 -0.000969399 0.999956191 263.276885986
0.999947906 0.003152460 0.009707185 -0.353576541 -0.003180700 0.999990880 0.002895172 -4.550386429 -0.009697967 -0.002925897 0.999948621 264.827789307
0.999953330 0.001628146 0.009521586 -0.348857284 -0.001651281 0.999995828 0.002422376 -4.585947990 -0.009517603 -0.002437986 0.999951720 266.391418457
0.999947667 0.001434373 0.010133359 -0.339255184 -0.001447974 0.999998093 0.001335034 -4.606116772 -0.010131423 -0.001349637 0.999947727 267.934387207
0.999939561 0.002346112 0.010743472 -0.333801180 -0.002359762 0.999996424 0.001258022 -4.637514114 -0.010740483 -0.001283298 0.999941468 269.460235596
0.999919891 0.003855050 0.012056092 -0.331031621 -0.003874976 0.999991179 0.001629904 -4.666503906 -0.012049702 -0.001676491 0.999926031 270.987823486
0.999909997 0.005019323 0.012442319 -0.317775249 -0.005028511 0.999987125 0.000707337 -4.682469368 -0.012438608 -0.000769840 0.999922276 272.578552246
0.999893546 0.005947835 0.013326144 -0.303940445 -0.005956287 0.999982119 0.000594656 -4.709605217 -0.013322367 -0.000673967 0.999911010 274.131927490
0.999867857 0.007104021 0.014622319 -0.291650146 -0.007112138 0.999974608 0.000503236 -4.734832764 -0.014618373 -0.000607166 0.999892890 275.610839844
0.999856770 0.007778681 0.015032087 -0.278345883 -0.007771818 0.999969721 -0.000514875 -4.758293629 -0.015035636 0.000397975 0.999886870 277.173522949
0.999853432 0.006258003 0.015936980 -0.249475092 -0.006248972 0.999980271 -0.000616417 -4.789594173 -0.015940525 0.000516737 0.999872804 278.688903809
0.999841213 0.005822610 0.016841719 -0.232933924 -0.005815865 0.999983013 -0.000449434 -4.814204216 -0.016844051 0.000351413 0.999858022 280.242065430
0.999831676 0.005131274 0.017615823 -0.217373714 -0.005138008 0.999986768 0.000337046 -4.837019444 -0.017613860 -0.000427500 0.999844790 281.804351807
0.999831200 0.004040927 0.017922657 -0.198543593 -0.004052262 0.999991596 0.000596158 -4.865138054 -0.017920095 -0.000668685 0.999839127 283.356964111
0.999837279 0.003302341 0.017732708 -0.169680670 -0.003273546 0.999993265 -0.001652560 -4.895690918 -0.017738044 0.001594242 0.999841392 284.922576904
0.999844253 0.002469685 0.017470321 -0.145572647 -0.002401689 0.999989450 -0.003911959 -4.923323631 -0.017479803 0.003869392 0.999839723 286.458282471
0.999859452 0.002087300 0.016633352 -0.122659154 -0.002024251 0.999990642 -0.003806474 -4.954170227 -0.016641142 0.003772270 0.999854326 288.017395020
0.999876320 0.001037741 0.015692372 -0.105561689 -0.000974848 0.999991477 -0.004014984 -4.982777596 -0.015696405 0.003999190 0.999868810 289.575683594
0.999896407 0.001031447 0.014350929 -0.085600883 -0.000965182 0.999988794 -0.004623644 -5.010768890 -0.014355538 0.004609313 0.999886274 291.132537842
0.999901831 0.001513592 0.013928816 -0.074426375 -0.001444528 0.999986649 -0.004967076 -5.042576790 -0.013936146 0.004946467 0.999890566 292.688507080
0.999913275 0.001320298 0.013103087 -0.054853823 -0.001262113 0.999989331 -0.004447860 -5.071223736 -0.013108821 0.004430937 0.999904275 294.261718750
0.999926090 0.000862699 0.012127737 -0.039435282 -0.000810812 0.999990463 -0.004282600 -5.107672215 -0.012131317 0.004272451 0.999917269 295.822296143
0.999938667 0.000697399 0.011051720 -0.025067292 -0.000665924 0.999995708 -0.002851381 -5.138258934 -0.011053661 0.002843846 0.999934852 297.392303467
0.999944091 0.002139841 0.010355080 -0.017458159 -0.002122195 0.999996424 -0.001714747 -5.163250446 -0.010358711 0.001692675 0.999944866 298.972717285
0.999935091 0.002319888 0.011150738 -0.005118838 -0.002302436 0.999996126 -0.001577633 -5.191359043 -0.011154354 0.001551856 0.999936521 300.547637939
0.999925673 0.002568697 0.011916089 0.009547030 -0.002548157 0.999995232 -0.001738560 -5.219404697 -0.011920498 0.001708066 0.999927461 302.148620605
0.999922156 0.001431147 0.012394628 0.019332515 -0.001406027 0.999996901 -0.002035143 -5.243357658 -0.012397503 0.002017557 0.999921083 303.733520508
0.999921262 -0.000534265 0.012530900 0.038945206 0.000571226 0.999995470 -0.002946205 -5.274572372 -0.012529270 0.002953131 0.999917150 305.328033447
0.999916017 -0.001942520 0.012815775 0.061152488 0.002007648 0.999985099 -0.005070961 -5.302213192 -0.012805735 0.005096265 0.999904990 306.929412842
0.999918342 -0.002235844 0.012589453 0.076039106 0.002311082 0.999979675 -0.005964942 -5.334853172 -0.012575858 0.005993550 0.999902964 308.535919189
0.999945223 -0.001690269 0.010329209 0.085677519 0.001764110 0.999972939 -0.007143853 -5.367375374 -0.010316854 0.007161683 0.999921143 310.148834229
0.999965668 -0.000304769 0.008279930 0.099041320 0.000356818 0.999980211 -0.006285415 -5.400399685 -0.008277852 0.006288154 0.999945939 311.771423340
0.999970317 0.001041705 0.007634492 0.106638804 -0.001017881 0.999994576 -0.003123840 -5.430951595 -0.007637705 0.003115977 0.999965966 313.403594971
0.999966204 -0.000848117 0.008191974 0.121553004 0.000847794 0.999999762 0.000042888 -5.463753700 -0.008192008 -0.000035941 0.999966443 315.031250000
0.999965489 -0.001944243 0.008073509 0.133841515 0.001938331 0.999997795 0.000740061 -5.488382339 -0.008074931 -0.000724387 0.999967158 316.655548096
0.999961078 -0.002602988 0.008420094 0.137378365 0.002607893 0.999996424 -0.000571654 -5.513335705 -0.008418576 0.000593590 0.999964356 318.258056641
0.999952257 -0.004208900 0.008813390 0.137488037 0.004210347 0.999991179 -0.000145775 -5.542853355 -0.008812697 0.000182875 0.999961138 319.869476318
0.999951065 -0.003674094 0.009180015 0.148243889 0.003677287 0.999993205 -0.000330938 -5.566359997 -0.009178737 0.000364679 0.999957800 321.485198975
0.999945700 -0.003669624 0.009749804 0.158289358 0.003673617 0.999993205 -0.000391589 -5.591052532 -0.009748301 0.000427384 0.999952316 323.105377197
0.999947131 -0.002510711 0.009972490 0.168325260 0.002526121 0.999995708 -0.001532930 -5.615510941 -0.009968597 0.001558041 0.999949098 324.723358154
0.999940574 -0.001149511 0.010833954 0.172246784 0.001169245 0.999997616 -0.001815310 -5.653751850 -0.010831842 0.001827870 0.999939680 326.332733154
0.999933004 -0.002568420 0.011284445 0.187223196 0.002567439 0.999996722 0.000101406 -5.682152271 -0.011284670 -0.000072427 0.999936283 327.972351074
0.999926686 -0.003227171 0.011669093 0.198381782 0.003214472 0.999994218 0.001106902 -5.712993622 -0.011672596 -0.001069311 0.999931276 329.553649902
0.999921679 -0.004690155 0.011604089 0.212455198 0.004693799 0.999988914 -0.000286841 -5.739562035 -0.011602615 0.000341286 0.999932647 331.179748535
0.999929130 -0.003176091 0.011469328 0.233893752 0.003179528 0.999994934 -0.000281439 -5.764427662 -0.011468375 0.000317886 0.999934196 332.793731689
0.999936581 -0.001399954 0.011175941 0.236374140 0.001424394 0.999996662 -0.002179131 -5.795341492 -0.011172852 0.002194912 0.999935150 334.391113281
0.999941945 0.000778798 0.010746625 0.248565480 -0.000721490 0.999985516 -0.005335448 -5.827770233 -0.010750623 0.005327386 0.999927998 335.989532471
0.999947608 0.002213956 0.009994403 0.254874557 -0.002164258 0.999985278 -0.004980665 -5.859312057 -0.010005282 0.004958774 0.999937594 337.598205566
0.999954641 0.003011721 0.009036087 0.259287030 -0.002997444 0.999994278 -0.001593177 -5.891960621 -0.009040834 0.001566019 0.999957919 339.176666260
0.999963999 0.003702820 0.007631472 0.274146795 -0.003715520 0.999991655 0.001650722 -5.928501129 -0.007625296 -0.001679018 0.999969542 340.795715332
0.999969125 0.004354154 0.006539532 0.274489045 -0.004356074 0.999990463 0.000279403 -5.952913761 -0.006538252 -0.000307881 0.999978602 342.398803711
0.999982178 0.003735233 0.004645697 0.273388535 -0.003728697 0.999992013 -0.001414707 -5.980056763 -0.004650944 0.001397359 0.999988317 343.985198975
0.999994338 0.002201923 0.002555609 0.284598500 -0.002201737 0.999997556 -0.000075737 -6.008275032 -0.002555770 0.000070109 0.999996722 345.587127686
0.999998927 0.000614427 0.001370008 0.284247398 -0.000615328 0.999999583 0.000656626 -6.039796829 -0.001369603 -0.000657469 0.999998868 347.178436279
0.999998748 0.000952934 0.001239278 0.275548875 -0.000952371 0.999999404 -0.000455031 -6.061944962 -0.001239711 0.000453850 0.999999046 348.776763916
0.999999702 -0.000340885 0.000681566 0.273872882 0.000341885 0.999998868 -0.001468932 -6.088618279 -0.000681065 0.001469165 0.999998689 350.370880127
0.999999642 -0.000500899 0.000698854 0.271095991 0.000502082 0.999998569 -0.001694294 -6.117237568 -0.000698005 0.001694644 0.999998271 351.957794189
0.999998987 -0.001240050 0.000683692 0.267118633 0.001241326 0.999997437 -0.001870506 -6.145040512 -0.000681371 0.001871352 0.999998033 353.551635742
0.999998987 -0.001347693 0.000323535 0.265369892 0.001348548 0.999995589 -0.002658675 -6.173294544 -0.000319951 0.002659109 0.999996424 355.146820068
0.999998987 -0.001244169 0.000712485 0.251401305 0.001246590 0.999993443 -0.003407979 -6.205629826 -0.000708241 0.003408863 0.999993861 356.742126465
0.999997795 -0.001958315 0.000796176 0.248024970 0.001960850 0.999992907 -0.003195422 -6.235644817 -0.000789913 0.003196975 0.999994516 358.330383301
0.999998033 -0.001953576 0.000347029 0.251948714 0.001954883 0.999990821 -0.003806524 -6.269856453 -0.000339590 0.003807195 0.999992669 359.936614990
0.999994278 -0.003324338 0.000667008 0.242555350 0.003327884 0.999979973 -0.005387092 -6.302373886 -0.000649086 0.005389281 0.999985278 361.516357422
0.999988854 -0.004713494 0.000342899 0.244556472 0.004714639 0.999983013 -0.003418172 -6.338439465 -0.000326781 0.003419751 0.999994040 363.115417480
0.999974787 -0.007099146 -0.000360272 0.255051196 0.007098276 0.999972045 -0.002358895 -6.374268532 0.000377008 0.002356278 0.999997199 364.712982178
0.999974370 -0.007174951 0.000028765 0.249108091 0.007175009 0.999967515 -0.003680411 -6.399196625 -0.000002357 0.003680523 0.999993205 366.303344727
0.999983311 -0.005716989 0.000886108 0.229091004 0.005721071 0.999972761 -0.004673965 -6.422606945 -0.000859363 0.004678956 0.999988675 367.914611816
0.999986291 -0.005181005 0.000778509 0.226612329 0.005183641 0.999980688 -0.003421737 -6.465809345 -0.000760766 0.003425726 0.999993861 369.493957520
0.999992967 -0.003565638 0.001131860 0.219376713 0.003568706 0.999989927 -0.002719811 -6.494426727 -0.001122151 0.002723830 0.999995708 371.099639893
0.999990702 -0.004176857 0.001080610 0.220361352 0.004179723 0.999987721 -0.002662532 -6.530465126 -0.001069476 0.002667024 0.999995887 372.691894531
0.999991000 -0.003940062 0.001584867 0.200055256 0.003946071 0.999984980 -0.003806508 -6.553496838 -0.001569845 0.003812728 0.999991536 374.286315918
0.999991417 -0.003903594 0.001395270 0.205439940 0.003908793 0.999985337 -0.003742645 -6.594467163 -0.001380640 0.003748068 0.999991953 375.884582520
0.999992371 -0.003576434 0.001584621 0.210995659 0.003582628 0.999985814 -0.003922643 -6.626381874 -0.001570570 0.003928289 0.999991000 377.508239746
0.999996662 -0.001898278 0.001744057 0.199683115 0.001905350 0.999989927 -0.004062225 -6.652698517 -0.001736328 0.004065535 0.999990225 379.099517822
0.999997914 -0.000637301 0.001927432 0.197481185 0.000643079 0.999995232 -0.002998671 -6.688956261 -0.001925512 0.002999904 0.999993622 380.706634521
0.999995351 0.001183003 0.002785121 0.175734460 -0.001170680 0.999989510 -0.004421943 -6.713485241 -0.002790323 0.004418662 0.999986351 382.325378418
0.999991417 0.002735397 0.003073784 0.169439986 -0.002718349 0.999980927 -0.005536709 -6.741147995 -0.003088870 0.005528306 0.999979973 383.935394287
