1.000000000 0.000000000 0.000000000 -0.000000000 0.000000000 1.000000000 -0.000000000 -0.000000060 0.000000000 -0.000000000 1.000000000 0.000000007
0.999991536 -0.002392681 -0.003349294 -0.003320543 0.002385412 0.999994814 -0.002172613 -0.005468873 0.003354475 0.002164605 0.999992013 0.664823413
0.999971449 -0.001353817 -0.007433378 -0.011559382 0.001326797 0.999992490 -0.003638759 -0.009089073 0.007438249 0.003628793 0.999965787 1.364721179
0.999935210 -0.001272697 -0.011306270 -0.027227929 0.001215495 0.999986410 -0.005064711 -0.010466219 0.011312562 0.005050641 0.999923289 2.065177917
0.999868631 0.000058080 -0.016210845 -0.047839522 -0.000153016 0.999982774 -0.005855181 -0.012696266 0.016210226 0.005856891 0.999851465 2.793390989
0.999791741 -0.000587683 -0.020399099 -0.067653745 0.000464479 0.999981642 -0.006043897 -0.024486035 0.020402281 0.006033164 0.999773622 3.537502289
0.999689341 0.001261374 -0.024893178 -0.093217447 -0.001448802 0.999970675 -0.007512677 -0.027125284 0.024882974 0.007546407 0.999661922 4.290050030
0.999562621 0.003914909 -0.029313006 -0.130091995 -0.004157306 0.999957561 -0.008212862 -0.035063837 0.029279614 0.008331133 0.999536455 5.054073811
0.999412537 0.004204824 -0.034013186 -0.154441684 -0.004415359 0.999971509 -0.006117067 -0.049996257 0.033986494 0.006263655 0.999402642 5.850496769
0.999248028 0.003584146 -0.038608771 -0.188643202 -0.003725867 0.999986589 -0.003599387 -0.055829957 0.038595349 0.003740532 0.999247849 6.651288986
0.999129474 0.003309648 -0.041584417 -0.232478574 -0.003346412 0.999994099 -0.000814506 -0.065302983 0.041581467 0.000952955 0.999134660 7.456511021
0.999013603 0.005106777 -0.044110134 -0.276251256 -0.005193943 0.999984801 -0.001861708 -0.072321586 0.044099957 0.002088977 0.999024868 8.279231071
0.998916686 0.004652081 -0.046301711 -0.321462035 -0.004750201 0.999986649 -0.002009340 -0.078617200 0.046291750 0.002227105 0.998925447 9.099154472
0.998855233 0.001751152 -0.047802825 -0.365920663 -0.001878020 0.999994874 -0.002609203 -0.084773719 0.047798011 0.002695991 0.998853385 9.930696487
0.998731792 0.001196817 -0.050335862 -0.398071438 -0.001281387 0.999997854 -0.001647882 -0.095030814 0.050333783 0.001710291 0.998730958 10.761857986
0.998659134 -0.000271336 -0.051767960 -0.445287526 0.000164136 0.999997854 -0.002075014 -0.101725690 0.051768407 0.002063735 0.998656929 11.611774445
0.998572886 0.002010362 -0.053368039 -0.500447690 -0.002236589 0.999988794 -0.004179610 -0.113186084 0.053359032 0.004293007 0.998566151 12.469203949
0.998493850 0.002431514 -0.054812018 -0.550189734 -0.002808274 0.999972939 -0.006797705 -0.125351161 0.054794021 0.006941394 0.998473525 13.332739830
0.998398960 0.006144859 -0.056230221 -0.611704886 -0.006599092 0.999947071 -0.007895983 -0.143458396 0.056178730 0.008254408 0.998386562 14.205774307
0.998324275 0.007133253 -0.057425078 -0.665380061 -0.007588302 0.999941468 -0.007710056 -0.153051466 0.057366714 0.008132895 0.998320043 15.098737717
0.998233736 0.006113292 -0.059092984 -0.719085753 -0.006499044 0.999958754 -0.006337907 -0.164350569 0.059051797 0.006710761 0.998232305 15.991355896
0.998163283 0.006963751 -0.060180198 -0.782620549 -0.007295631 0.999959409 -0.005296792 -0.172975197 0.060140871 0.005726115 0.998173416 16.887130737
0.998116374 0.006265996 -0.061028570 -0.842635989 -0.006584588 0.999965787 -0.005020663 -0.189931706 0.060995020 0.005413053 0.998123407 17.792985916
0.997997344 0.006212236 -0.062950321 -0.898269713 -0.006576042 0.999962926 -0.005573720 -0.205590859 0.062913351 0.005976522 0.998001158 18.699367523
0.997943878 0.004641304 -0.063925788 -0.960016131 -0.005036112 0.999969363 -0.006016301 -0.220417708 0.063895896 0.006325867 0.997936547 19.612049103
0.997907639 0.004316418 -0.064511165 -1.018904805 -0.004610278 0.999979734 -0.004407030 -0.230292872 0.064490817 0.004695223 0.997907281 20.532985687
0.997901022 0.006295078 -0.064450614 -1.082393408 -0.006395726 0.999978602 -0.001355439 -0.239702001 0.064440712 0.001764802 0.997919977 21.460933685
0.997968793 0.007197828 -0.063295342 -1.148876905 -0.007062047 0.999972224 0.002368654 -0.248075768 0.063310623 -0.001916848 0.997991979 22.391651154
0.998076975 0.006247178 -0.061670031 -1.210894108 -0.005929546 0.999968112 0.005332155 -0.256398648 0.061701372 -0.004956227 0.998082280 23.324655533
0.998158216 0.006077463 -0.060358647 -1.264993072 -0.005715589 0.999964654 0.006166239 -0.262327939 0.060393985 -0.005809898 0.998157740 24.270086288
0.998238683 0.006478893 -0.058969792 -1.323009253 -0.006292797 0.999974608 0.003340929 -0.268817663 0.058989938 -0.002963961 0.998254240 25.216171265
0.998288214 0.006983001 -0.058065355 -1.381272435 -0.007081835 0.999973834 -0.001496515 -0.275032729 0.058053382 0.001905163 0.998311758 26.156885147
0.998357415 0.006633743 -0.056907792 -1.434876323 -0.006887485 0.999967217 -0.004263862 -0.287192613 0.056877643 0.004648809 0.998370349 27.106494904
0.998404145 0.003934923 -0.056334674 -1.484858394 -0.004125256 0.999986231 -0.003262722 -0.297078907 0.056321062 0.003489911 0.998406649 28.062923431
0.998419464 0.002205495 -0.056157220 -1.547810793 -0.002113201 0.999996424 0.001702803 -0.307318896 0.056160770 -0.001581440 0.998420537 29.036571503
0.998370290 -0.001526824 -0.057045646 -1.601249337 0.001830443 0.999984503 0.005270504 -0.318821043 0.057036709 -0.005366335 0.998357594 29.996555328
0.998264074 -0.008804109 -0.058234867 -1.648510814 0.009085059 0.999948382 0.004561420 -0.324792981 0.058191698 -0.005082569 0.998292506 30.971265793
0.998158097 -0.011357362 -0.059593391 -1.702760577 0.011423563 0.999934435 0.000770304 -0.331022352 0.059580736 -0.001449654 0.998222470 31.935586929
0.998081863 -0.011002589 -0.060922317 -1.765971780 0.010829373 0.999936283 -0.003172724 -0.338500112 0.060953345 0.002506888 0.998137534 32.911365509
0.997980356 -0.009304030 -0.062838741 -1.836926699 0.009064775 0.999950528 -0.004091498 -0.345921308 0.062873706 0.003513615 0.998015344 33.896781921
0.997914195 -0.009650479 -0.063827179 -1.891091466 0.009515544 0.999951839 -0.002417695 -0.364964187 0.063847423 0.001805301 0.997958064 34.878814697
0.997849047 -0.006640920 -0.065215558 -1.961868167 0.006679688 0.999977648 0.000376401 -0.378099859 0.065211587 -0.000811212 0.997871220 35.875015259
0.997777939 -0.006688266 -0.066290930 -2.030561924 0.006828149 0.999974966 0.001883795 -0.390627325 0.066276670 -0.002332253 0.997798502 36.864242554
0.997738421 -0.005541968 -0.066987723 -2.104551792 0.005847211 0.999973536 0.004361476 -0.397365332 0.066961780 -0.004743303 0.997744262 37.835060120
0.997735560 -0.005543714 -0.067029648 -2.167173624 0.006058754 0.999953628 0.007482937 -0.408261627 0.066985056 -0.007872108 0.997722983 38.832225800
0.997701764 -0.000171211 -0.067758605 -2.240887165 0.000846208 0.999950290 0.009933219 -0.412566751 0.067753546 -0.009967729 0.997652352 39.813888550
0.997704208 0.000248471 -0.067722470 -2.318598270 0.000376714 0.999957442 0.009218656 -0.416232795 0.067721874 -0.009223004 0.997661710 40.803859711
0.997703195 -0.000019582 -0.067737393 -2.386788130 0.000538909 0.999970615 0.007648510 -0.419864953 0.067735240 -0.007667447 0.997673929 41.812507629
0.997708797 0.002413358 -0.067611486 -2.468804359 -0.002061569 0.999984026 0.005272388 -0.424282581 0.067623124 -0.005120921 0.997697830 42.805583954
0.997663558 0.001821453 -0.068294004 -2.541841030 -0.001437734 0.999982893 0.005667354 -0.432963341 0.068303168 -0.005555922 0.997649193 43.797351837
0.997563541 0.000003221 -0.069764376 -2.603880167 0.000445969 0.999979317 0.006423091 -0.435569197 0.069762953 -0.006438555 0.997542799 44.782863617
0.997523248 0.000382584 -0.070338510 -2.679239511 0.000143587 0.999972165 0.007475341 -0.443097234 0.070339419 -0.007466929 0.997495174 45.766998291
0.997510672 0.002754371 -0.070463240 -2.759499073 -0.002467168 0.999988377 0.004162630 -0.456727952 0.070473887 -0.003978424 0.997505605 46.738426208
0.997425318 0.003312938 -0.071636923 -2.825633764 -0.003326878 0.999994516 -0.000075285 -0.461753637 0.071636289 0.000313418 0.997430742 47.703838348
0.997383654 0.004579864 -0.072145045 -2.903105259 -0.004688642 0.999988139 -0.001338496 -0.469497234 0.072138049 0.001673256 0.997393191 48.673728943
0.997386694 0.003292144 -0.072173558 -2.979119301 -0.003107363 0.999991596 0.002672357 -0.489179879 0.072181739 -0.002441104 0.997388482 49.647319794
0.997359037 0.000863917 -0.072623186 -3.037189007 -0.000468309 0.999984860 0.005464256 -0.498264581 0.072626814 -0.005415817 0.997344494 50.613052368
0.997325122 -0.000869171 -0.073087230 -3.106560707 0.001322053 0.999980152 0.006148316 -0.508673549 0.073080435 -0.006228496 0.997306585 51.576969147
0.997296274 -0.004117142 -0.073369473 -3.176378965 0.004490803 0.999977767 0.004928615 -0.518669426 0.073347554 -0.005244778 0.997292697 52.535522461
0.997278571 -0.007343900 -0.073359445 -3.243010759 0.007643762 0.999963641 0.003807660 -0.525242925 0.073328808 -0.004358041 0.997298300 53.479385376
0.997215748 -0.008710588 -0.074061714 -3.317288160 0.009101319 0.999946415 0.004939896 -0.533715308 0.074014716 -0.005600201 0.997241437 54.431732178
0.997090936 -0.012080275 -0.075258978 -3.388172865 0.012802147 0.999876440 0.009116804 -0.538421214 0.075139552 -0.010053760 0.997122347 55.386062622
0.997020125 -0.012444480 -0.076131575 -3.456651926 0.013542783 0.999811292 0.013927138 -0.540447414 0.075943895 -0.014916671 0.997000456 56.334102631
0.997000277 -0.010610346 -0.076667137 -3.535269737 0.011863919 0.999803007 0.015913943 -0.538645089 0.076483175 -0.016775779 0.996929705 57.282157898
0.996910512 -0.009332528 -0.077988498 -3.614138842 0.010299720 0.999874771 0.012008683 -0.542644799 0.077866666 -0.012774842 0.996881902 58.211490631
0.996816874 -0.007620567 -0.079359695 -3.690986395 0.007975182 0.999959528 0.004152446 -0.547285855 0.079324849 -0.004772137 0.996837437 59.124641418
0.996762693 -0.006407954 -0.080143958 -3.770041227 0.006412596 0.999979436 -0.000199457 -0.561310947 0.080143586 -0.000315120 0.996783316 60.042644501
0.996727765 -0.001097178 -0.080824167 -3.857047319 0.001144755 0.999999166 0.000542314 -0.571034431 0.080823511 -0.000633064 0.996728301 60.942993164
0.996620774 0.001206895 -0.082131781 -3.941073179 -0.000958518 0.999994874 0.003063490 -0.584715843 0.082135059 -0.002974414 0.996616781 61.841259003
0.996527016 0.004135373 -0.083167739 -4.016180992 -0.003791029 0.999983609 0.004297840 -0.597023487 0.083184153 -0.003967622 0.996526301 62.719459534
0.996412039 0.004894719 -0.084492609 -4.091565132 -0.004574222 0.999981642 0.003986350 -0.605513215 0.084510572 -0.003585560 0.996416092 63.585453033
0.996291637 0.006727971 -0.085777916 -4.174853325 -0.006316224 0.999967217 0.005070655 -0.617291331 0.085809223 -0.004510058 0.996301413 64.437072754
0.996162176 0.007771861 -0.087181576 -4.254740715 -0.007312686 0.999957740 0.005585028 -0.627451837 0.087221295 -0.004926062 0.996176779 65.277946472
0.996041775 0.007172187 -0.088596389 -4.326562405 -0.006649920 0.999958754 0.006188649 -0.639050424 0.088637114 -0.005574997 0.996048391 66.093498230
0.995939255 0.006747971 -0.089774109 -4.400076866 -0.006125440 0.999955356 0.007208115 -0.644942343 0.089818731 -0.006628941 0.995936096 66.898223877
0.995799720 0.009568939 -0.091056429 -4.483025551 -0.008713569 0.999914229 0.009786753 -0.647911847 0.091142267 -0.008952221 0.995797634 67.695075989
0.995636046 0.011329999 -0.092630409 -4.555755138 -0.010064624 0.999849677 0.014116238 -0.657200277 0.092776403 -0.013122343 0.995600522 68.489570618
0.995434940 0.014057152 -0.094401330 -4.634956837 -0.012632666 0.999797523 0.015670391 -0.657898009 0.094602481 -0.014406313 0.995410919 69.262908936
0.995293736 0.017498480 -0.095312677 -4.722180843 -0.016453899 0.999795794 0.011734521 -0.668907046 0.095498562 -0.010111029 0.995378196 70.009925842
0.995160162 0.017479297 -0.096699029 -4.796885967 -0.017133931 0.999843538 0.004400831 -0.675659060 0.096760817 -0.002722697 0.995303929 70.732063293
0.995005548 0.016503396 -0.098445386 -4.862689972 -0.016723653 0.999859154 -0.001412530 -0.683222115 0.098408200 0.003051842 0.995141447 71.441680908
0.994955182 0.017107254 -0.098850459 -4.934379578 -0.017471563 0.999843359 -0.002820924 -0.686545014 0.098786704 0.004533765 0.995098293 72.135093689
0.994849920 0.019851252 -0.099395745 -5.017536163 -0.019861462 0.999802470 0.000886898 -0.699801207 0.099393718 0.001091814 0.995047569 72.813041687
0.994727314 0.020450890 -0.100495629 -5.092915058 -0.020213099 0.999790013 0.003383919 -0.718060732 0.100543737 -0.001334748 0.994931698 73.466041565
0.994680047 0.017006839 -0.101598971 -5.153803349 -0.017126368 0.999853194 -0.000304273 -0.724616587 0.101578876 0.002042676 0.994825304 74.092147827
0.994745195 0.008769515 -0.102004923 -5.195716858 -0.009325257 0.999944091 -0.004972603 -0.745877743 0.101955622 0.005897694 0.994771481 74.710586548
0.994885385 0.004725574 -0.100899279 -5.250147820 -0.005762684 0.999933541 -0.009989670 -0.751407027 0.100845367 0.010520028 0.994846463 75.303146362
0.995152771 0.007104778 -0.098084576 -5.306663513 -0.008158230 0.999913216 -0.010343353 -0.760583639 0.098002575 0.011093412 0.995124340 75.887405396
0.995532334 0.012214154 -0.093627982 -5.373010635 -0.012932036 0.999891460 -0.007064479 -0.777502418 0.093531527 0.008243718 0.995582223 76.453758240
0.995976090 0.010723406 -0.088975444 -5.425022125 -0.011101726 0.999931335 -0.003758155 -0.792218506 0.088929035 0.004730813 0.996026695 77.013366699
0.996506929 0.007213655 -0.083199240 -5.460280418 -0.007205286 0.999974012 0.000400861 -0.803695440 0.083199963 0.000200013 0.996532798 77.555259705
0.997192621 0.002700224 -0.074829437 -5.492577553 -0.002420044 0.999989748 0.003834680 -0.816360891 0.074839018 -0.003642824 0.997188985 78.086021423
0.997915924 0.006279893 -0.064221933 -5.525714397 -0.006060522 0.999975204 0.003610084 -0.824118495 0.064243019 -0.003213342 0.997929037 78.602149963
0.998700559 0.011411202 -0.049669418 -5.539464951 -0.011269015 0.999931514 0.003141749 -0.830340564 0.049701873 -0.002577940 0.998760819 79.104743958
0.999368489 0.016566997 -0.031437688 -5.556586742 -0.016464304 0.999858201 0.003522613 -0.833001614 0.031491593 -0.003002788 0.999499559 79.597541809
0.999847829 0.015007544 -0.008889812 -5.552933693 -0.014971778 0.999879658 0.004076524 -0.837708056 0.008949916 -0.003942808 0.999952257 80.080924988
0.999782503 0.011531271 0.017379895 -5.522877216 -0.011611103 0.999922454 0.004499525 -0.838636339 -0.017326664 -0.004700345 0.999838829 80.547164917
0.998858392 0.010588277 0.046580695 -5.476050377 -0.010909295 0.999918401 0.006642794 -0.854781747 -0.046506565 -0.007143374 0.998892426 80.981384277
0.996793926 0.010088781 0.079373822 -5.415283680 -0.010765642 0.999909163 0.008104195 -0.862400711 -0.079284854 -0.008932723 0.996811986 81.426788330
0.993049026 0.010141137 0.117262922 -5.342853069 -0.011206454 0.999901593 0.008429078 -0.865457416 -0.117165908 -0.009684592 0.993065059 81.870445251
0.987230837 0.010391912 0.158956423 -5.251513004 -0.011830829 0.999897122 0.008108611 -0.866977334 -0.158855796 -0.009885659 0.987252235 82.297462463
0.978940547 0.009602726 0.203920215 -5.140213966 -0.011607200 0.999895275 0.008635896 -0.880365610 -0.203815997 -0.010820969 0.978949368 82.691917419
0.967387915 0.011954147 0.253017098 -5.008186817 -0.014109309 0.999877989 0.006705028 -0.888162971 -0.252906084 -0.010056260 0.967438579 83.092132568
0.951895714 0.012777883 0.306155741 -4.851290226 -0.014572176 0.999887407 0.003575782 -0.894821107 -0.306075603 -0.007865127 0.951974750 83.478355408
0.931988835 0.013267972 0.362244010 -4.675314426 -0.014755603 0.999890208 0.001340370 -0.900336981 -0.362186462 -0.006594338 0.932082295 83.847518921
0.907862067 0.013523011 0.419050992 -4.473600864 -0.014663870 0.999892294 -0.000498236 -0.906899452 -0.419012636 -0.005692578 0.907962620 84.190910339
0.879134774 0.013480632 0.476382494 -4.265798092 -0.013939197 0.999899507 -0.002571131 -0.913337290 -0.476369292 -0.004380020 0.879234374 84.483306885
0.845568538 0.012315504 0.533724844 -4.025720596 -0.011643309 0.999921560 -0.004626576 -0.919614255 -0.533739924 -0.002302238 0.845645547 84.787361145
0.808678150 0.012057899 0.588127732 -3.764627457 -0.010387308 0.999926686 -0.006218079 -0.926085949 -0.588159680 -0.001080639 0.808744133 85.076118469
0.768472791 0.010663316 0.639793575 -3.492054462 -0.009667031 0.999940574 -0.005054486 -0.939109445 -0.639809430 -0.002300670 0.768530190 85.347343445
0.725439548 0.010536771 0.688205242 -3.203420162 -0.011356400 0.999929965 -0.003338611 -0.943040729 -0.688192248 -0.005393574 0.725508392 85.600364685
0.680343509 0.009807053 0.732827723 -2.898226261 -0.010437821 0.999938726 -0.003691379 -0.944688976 -0.732818902 -0.005137719 0.680404246 85.823455811
0.636262000 0.006786473 0.771443307 -2.570748329 -0.006119813 0.999974251 -0.003749459 -0.965927184 -0.771448970 -0.002335451 0.636287093 85.989601135
0.589849651 0.004032427 0.807503045 -2.236518383 -0.000303390 0.999988556 -0.004772027 -0.971990108 -0.807513118 0.002569788 0.589844108 86.166320801
0.543116927 0.006097440 0.839634955 -1.903459907 -0.002530465 0.999981105 -0.005625046 -0.981570661 -0.839653254 0.000930390 0.543121994 86.336593628
0.496322125 0.009013724 0.868091702 -1.564311862 -0.005933282 0.999958038 -0.006990651 -0.987995565 -0.868118167 -0.001681020 0.496354729 86.489227295
0.451058835 0.011104069 0.892425120 -1.219918251 -0.006467871 0.999937057 -0.009172735 -0.995771289 -0.892470777 -0.001634649 0.451102167 86.623558044
0.408234417 0.008519967 0.912837446 -0.867509544 0.000643983 0.999953628 -0.009621064 -1.002786875 -0.912876844 0.004515500 0.408209831 86.742332458
0.367466301 0.001165212 0.930036247 -0.502120078 0.015178144 0.999858499 -0.007249723 -1.007998943 -0.929912984 0.016780250 0.367396623 86.846466064
0.332047522 -0.002350091 0.943259776 -0.134914666 0.019064568 0.999809206 -0.004220150 -1.010905623 -0.943069994 0.019384127 0.332028925 86.936958313
0.298638195 0.001618141 0.954365015 0.230100080 0.016471675 0.999840856 -0.006849532 -1.018692613 -0.954224288 0.017765522 0.298563927 87.034156799
0.267953247 0.009051492 0.963389456 0.598837435 0.005863959 0.999921858 -0.011025710 -1.033254027 -0.963414133 0.008603647 0.267879248 87.130096436
0.239770472 0.013427101 0.970736742 0.976822197 0.001279961 0.999899089 -0.014146618 -1.049457550 -0.970828831 0.004634444 0.239729032 87.210891724
0.213462591 0.015224876 0.976832569 1.378119230 0.002446409 0.999867082 -0.016118493 -1.063653111 -0.976948142 0.005830427 0.213396996 87.294151306
0.190273255 0.016787525 0.981587589 1.782147288 0.009675698 0.999773145 -0.018974101 -1.071071506 -0.981683552 0.013107810 0.190067664 87.342651367
0.170353279 0.022694923 0.985121608 2.193303108 0.016600735 0.999526799 -0.025897482 -1.073914409 -0.985243201 0.020765467 0.169895917 87.384422302
0.150599822 0.029875387 0.988143325 2.616221428 0.018434616 0.999284625 -0.033021793 -1.071825504 -0.988422930 0.023189116 0.149941310 87.435966492
0.132764816 0.030533643 0.990677118 3.055794716 0.016414801 0.999320626 -0.032999855 -1.084122658 -0.991011679 0.020642988 0.132173404 87.493621826
0.117364131 0.026172005 0.992744029 3.516743898 0.014974893 0.999492407 -0.028120276 -1.104082346 -0.992976069 0.018166550 0.116912656 87.540992737
0.102801971 0.022939645 0.994437337 3.987216473 0.014691751 0.999590039 -0.024577297 -1.125407577 -0.994593322 0.017136618 0.102422819 87.581153870
0.089706868 0.020412412 0.995759010 4.470768929 0.017287375 0.999607503 -0.022048702 -1.141080260 -0.995818198 0.019191978 0.089318782 87.612815857
0.078042470 0.019699901 0.996755421 4.963857174 0.020957002 0.999551535 -0.021396022 -1.154595971 -0.996729732 0.022558799 0.077594630 87.638854980
0.067953497 0.020275779 0.997482419 5.482494831 0.024708342 0.999452591 -0.021999087 -1.164266109 -0.997382462 0.026141049 0.067415334 87.663322449
0.060149778 0.020927053 0.997969925 6.009003639 0.026876640 0.999383807 -0.022576613 -1.177021742 -0.997827530 0.028180053 0.059550267 87.688148499
0.054525409 0.021235848 0.998286545 6.559860229 0.028612388 0.999330044 -0.022820828 -1.193154573 -0.998102427 0.029807679 0.053881273 87.714889526
0.048893940 0.022299839 0.998555005 7.123149395 0.029637359 0.999278188 -0.023767173 -1.205623984 -0.998364151 0.030756604 0.048197728 87.739143372
0.043328740 0.023001334 0.998796046 7.697258472 0.030516000 0.999238074 -0.024335328 -1.219704270 -0.998594761 0.031533685 0.042593811 87.754722595
0.038500514 0.022994544 0.998993993 8.302185059 0.032751769 0.999168992 -0.024260806 -1.237893105 -0.998721659 0.033652876 0.037715413 87.780982971
0.035662606 0.023201576 0.999094486 8.923952103 0.033959050 0.999125004 -0.024414454 -1.253242254 -0.998786688 0.034798987 0.034843501 87.798530579
0.032578290 0.022414047 0.999217868 9.561632156 0.034990620 0.999110043 -0.023552461 -1.275553107 -0.998856485 0.035730544 0.031765018 87.815307617
0.030222159 0.021851815 0.999304354 10.216511726 0.037158389 0.999045372 -0.022969941 -1.293320775 -0.998852313 0.037826736 0.029381333 87.830467224
0.029519411 0.021525774 0.999332428 10.893574715 0.041419767 0.998883009 -0.022739597 -1.311624527 -0.998705685 0.042063378 0.028594842 87.846000671
0.030764677 0.021136887 0.999303162 11.582405090 0.045032285 0.998731792 -0.022511175 -1.328826308 -0.998511732 0.045693453 0.029773816 87.860290527
0.033206526 0.021038290 0.999227107 12.288102150 0.046852995 0.998646438 -0.022583101 -1.348656774 -0.998349726 0.047566686 0.032175872 87.883255005
0.036827058 0.020983173 0.999101281 13.016017914 0.049119532 0.998533070 -0.022781793 -1.369725347 -0.998113692 0.049914367 0.035742354 87.909744263
0.041316606 0.020603919 0.998933613 13.756010056 0.049552061 0.998514891 -0.022644792 -1.388133526 -0.997916639 0.050434832 0.040234275 87.938858032
0.045253109 0.019037114 0.998794079 14.512784958 0.051015627 0.998469830 -0.021342335 -1.406866312 -0.997672021 0.051919915 0.044212673 87.974647522
0.049077962 0.017502258 0.998641551 15.278244972 0.050773460 0.998510003 -0.019995200 -1.427070379 -0.997503579 0.051685806 0.048116177 88.019531250
0.053162143 0.015346177 0.998467922 16.070024490 0.047595132 0.998706639 -0.017883983 -1.446243525 -0.997451007 0.048472971 0.052362982 88.069564819
0.056793135 0.014240379 0.998284400 16.863138199 0.046694532 0.998766243 -0.016903736 -1.466238260 -0.997293413 0.047574431 0.056058109 88.130500793
0.060890261 0.015010886 0.998031616 17.667055130 0.044097826 0.998870134 -0.017713919 -1.488680243 -0.997169852 0.045089617 0.060159512 88.187477112
0.064270325 0.019297028 0.997745931 18.473953247 0.041843701 0.998881578 -0.022014383 -1.512330651 -0.997054875 0.043164250 0.063390993 88.235145569
0.065469250 0.024840761 0.997545362 19.276388168 0.036127653 0.998975754 -0.027247448 -1.532868505 -0.997200370 0.037822839 0.064504750 88.301910400
0.065249078 0.027862385 0.997479916 20.083023071 0.033392064 0.998989284 -0.030088849 -1.561195135 -0.997310162 0.035271183 0.064252757 88.361434937
0.065719165 0.027158527 0.997468472 20.898389816 0.031108262 0.999087811 -0.029252220 -1.597545028 -0.997353137 0.032951944 0.064814366 88.415351868
0.065627038 0.025567610 0.997516572 21.707363129 0.028172625 0.999225736 -0.027464904 -1.626941681 -0.997446418 0.029905103 0.064855918 88.478904724
0.065711193 0.024312662 0.997542381 22.527498245 0.029108245 0.999230981 -0.026271269 -1.657840610 -0.997413993 0.030763028 0.064952970 88.531799316
0.066017002 0.023313008 0.997546077 23.346111298 0.026849218 0.999323428 -0.025131416 -1.696073651 -0.997457147 0.028442435 0.065346412 88.595382690
0.065718144 0.023730507 0.997555971 24.163635254 0.024832183 0.999368608 -0.025409546 -1.731367588 -0.997529209 0.026441364 0.065087371 88.658714294
0.065545402 0.024118718 0.997558057 24.976308823 0.021761488 0.999435484 -0.025593968 -1.767057538 -0.997612238 0.023385918 0.064983539 88.722763062
0.064294234 0.025683077 0.997600436 25.788515091 0.019014196 0.999455810 -0.026956284 -1.795627832 -0.997749865 0.020701705 0.063770890 88.784912109
0.061581530 0.025432602 0.997777879 26.605047226 0.015704028 0.999526799 -0.026446406 -1.827076077 -0.997978568 0.017297745 0.061152998 88.842552185
0.057844445 0.024345066 0.998028636 27.411891937 0.013305346 0.999594986 -0.025154440 -1.855715275 -0.998236954 0.014734162 0.057497103 88.887321472
0.052729528 0.021850022 0.998369694 28.222330093 0.011453907 0.999681532 -0.022483679 -1.885971427 -0.998543143 0.012620788 0.052462466 88.937767029
0.046691887 0.019463953 0.998719633 29.031839371 0.009410858 0.999757111 -0.019924147 -1.918602705 -0.998865008 0.010329106 0.046497382 88.977539062
0.039224129 0.019934569 0.999031723 29.844871521 0.008966131 0.999753654 -0.020301009 -1.946234226 -0.999190211 0.009753737 0.039035734 89.011131287
0.030880986 0.020624222 0.999310315 30.647523880 0.008987893 0.999740899 -0.020910857 -1.973906755 -0.999482632 0.009627443 0.030687615 89.033432007
0.020787187 0.021057244 0.999562204 31.449184418 0.009756052 0.999726236 -0.021263592 -1.998723984 -0.999736309 0.010193791 0.020576060 89.051513672
0.010628664 0.020289572 0.999737620 32.245067596 0.010696012 0.999734521 -0.020403225 -2.026802063 -0.999886334 0.010910063 0.010408826 89.056495667
-0.000323117 0.019089833 0.999817669 33.039379120 0.009438857 0.999773264 -0.019085933 -2.057821512 -0.999955475 0.009430970 -0.000503231 89.060028076
-0.011379895 0.018617753 0.999761879 33.826736450 0.010832192 0.999770224 -0.018494610 -2.080946684 -0.999876618 0.010619147 -0.011578955 89.047882080
-0.022364836 0.019087646 0.999567688 34.609169006 0.011567839 0.999755681 -0.018832413 -2.105396986 -0.999682903 0.011141654 -0.022580182 89.029655457
-0.033399682 0.019833898 0.999245286 35.387302399 0.011553420 0.999743819 -0.019457627 -2.129200697 -0.999375224 0.010894822 -0.033620283 89.002601624
-0.043790843 0.020594725 0.998828411 36.159317017 0.011067254 0.999736190 -0.020128230 -2.159545660 -0.998979390 0.010172854 -0.044007219 88.959907532
-0.054098971 0.021763962 0.998298407 36.923828125 0.011683840 0.999707878 -0.021161530 -2.182035923 -0.998467147 0.010519141 -0.054337453 88.917884827
-0.063730516 0.022554943 0.997712255 37.683830261 0.012639093 0.999682605 -0.021792145 -2.208574533 -0.997887075 0.011221353 -0.063995369 88.868080139
-0.073459692 0.022843797 0.997036636 38.445243835 0.013103591 0.999673486 -0.021938771 -2.239651680 -0.997212112 0.011453142 -0.073735043 88.809898376
-0.082901374 0.023242077 0.996286690 39.185504913 0.013690299 0.999660254 -0.022181600 -2.267906427 -0.996463716 0.011800579 -0.083191395 88.749336243
-0.091274895 0.022485595 0.995571792 39.920166016 0.014822129 0.999664962 -0.021219138 -2.294536829 -0.995715499 0.012819720 -0.091577590 88.676284790
-0.098501816 0.021208666 0.994910836 40.660034180 0.016819036 0.999665499 -0.019644843 -2.324661255 -0.994994700 0.014798387 -0.098825566 88.594833374
-0.103859968 0.019841831 0.994393945 41.383823395 0.019669071 0.999646425 -0.017892292 -2.346824884 -0.994397402 0.017700510 -0.104213499 88.520072937
-0.107657641 0.018197441 0.994021535 42.092433929 0.023035720 0.999609590 -0.015804859 -2.369699240 -0.993921101 0.021196483 -0.108034812 88.437622070
-0.110453770 0.017126877 0.993733704 42.797264099 0.024214817 0.999601066 -0.014536518 -2.390985489 -0.993586242 0.022457469 -0.110824414 88.356552124
-0.112176083 0.016240213 0.993555605 43.480976105 0.024108740 0.999616623 -0.013617314 -2.412673712 -0.993395865 0.022425840 -0.112524591 88.280860901
-0.112858102 0.016662573 0.993471503 44.141323090 0.025428290 0.999580324 -0.013876390 -2.434324026 -0.993285716 0.023696210 -0.113234468 88.201156616
-0.111824133 0.017546145 0.993573129 44.789318085 0.026149556 0.999549866 -0.014708627 -2.454146624 -0.993383944 0.024336718 -0.112232633 88.129417419
-0.108787455 0.019274773 0.993878126 45.418334961 0.027248366 0.999494135 -0.016401149 -2.474731922 -0.993691564 0.025297318 -0.109257638 88.062065125
-0.103806540 0.019710004 0.994402170 46.046367645 0.026737958 0.999497712 -0.017019801 -2.497757912 -0.994238019 0.024821520 -0.104281388 87.999153137
-0.096160911 0.020402780 0.995156586 46.641239166 0.026136668 0.999496877 -0.017966205 -2.518589497 -0.995022595 0.024282429 -0.096645780 87.950141907
-0.084687151 0.020548631 0.996195674 47.221870422 0.025045367 0.999515295 -0.018487984 -2.538657904 -0.996092796 0.023384390 -0.085160747 87.907478333
-0.071096629 0.020492740 0.997258842 47.780353546 0.024276523 0.999528289 -0.018808650 -2.564508438 -0.997173965 0.022872748 -0.071560584 87.879180908
-0.053891126 0.021601740 0.998313069 48.312877655 0.023530919 0.999515772 -0.020357516 -2.588374376 -0.998269498 0.022394136 -0.054373335 87.863533020
-0.032674599 0.024413759 0.999167860 48.858215332 0.021568563 0.999486029 -0.023716200 -2.610148430 -0.999233305 0.020775698 -0.033184379 87.858596802
-0.007879900 0.027396828 0.999593675 49.382068634 0.019307993 0.999442458 -0.027240478 -2.634293556 -0.999782562 0.019085495 -0.008404485 87.871887207
0.020304766 0.029043777 0.999371886 49.893714905 0.017507074 0.999414384 -0.029400712 -2.656465530 -0.999640524 0.018093048 0.019784398 87.906066895
0.053164069 0.028463507 0.998180091 50.404781342 0.015109550 0.999456286 -0.029304650 -2.677425146 -0.998471498 0.016640002 0.052705094 87.958312988
0.092454597 0.026347175 0.995368302 50.909748077 0.014325283 0.999511242 -0.027787440 -2.692484379 -0.995613873 0.016828006 0.092031963 88.009071350
0.134408846 0.022645898 0.990667164 51.410675049 0.012780872 0.999616027 -0.024584508 -2.713496685 -0.990843475 0.015965967 0.134067819 88.096374512
0.180194497 0.018289944 0.983460963 51.894989014 0.010165272 0.999739051 -0.020455206 -2.734081507 -0.983578444 0.013683063 0.179961547 88.205520630
0.229005322 0.015232014 0.973306000 52.383560181 0.005701612 0.999839365 -0.016988765 -2.749285460 -0.973408461 0.009439931 0.228881717 88.347206116
0.280675888 0.013866520 0.959702432 52.849548340 0.001791218 0.999886334 -0.014970992 -2.766335964 -0.959800899 0.005921033 0.280619174 88.517364502
0.335401803 0.013460234 0.941978991 53.301918030 0.000625157 0.999894440 -0.014510402 -2.782341957 -0.942074955 0.005455697 0.335358024 88.713294983
0.390641391 0.013850231 0.920438707 53.734134674 0.002972087 0.999862611 -0.016306732 -2.800161839 -0.920538187 0.009105707 0.390546471 88.955093384
0.451018512 0.016427290 0.892363250 54.151245117 0.004051711 0.999782622 -0.020452557 -2.822931767 -0.892505467 0.012840080 0.450853854 89.195068359
0.511159003 0.019134790 0.859273016 54.548908234 0.005532698 0.999658287 -0.025552223 -2.844346285 -0.859468400 0.017815348 0.510878384 89.460784912
0.570118725 0.023986274 0.821212053 54.912712097 0.001832253 0.999534190 -0.030466801 -2.848912477 -0.821560264 0.018874362 0.569809198 89.749679565
0.623180985 0.027578330 0.781591296 55.225841522 -0.002110029 0.999433756 -0.033582494 -2.853222370 -0.782074869 0.019278789 0.622886240 90.092247009
0.676621854 0.028233271 0.735789180 55.552234650 -0.003786870 0.999384940 -0.034865454 -2.872297049 -0.736320913 0.020804390 0.676312566 90.434715271
0.726530612 0.025722511 0.686652482 55.858848572 -0.003865441 0.999436378 -0.033349693 -2.895659447 -0.687123299 0.021575358 0.726220369 90.788536072
0.771514237 0.023177691 0.635789812 56.109516144 -0.006475175 0.999570549 -0.028581847 -2.907303572 -0.636179149 0.017934451 0.771332920 91.163581848
0.811948359 0.019265192 0.583411276 56.349491119 -0.007482063 0.999716640 -0.022599297 -2.907082081 -0.583681345 0.013984344 0.811862350 91.578163147
0.848730981 0.017419172 0.528537989 56.570358276 -0.010108582 0.999809265 -0.016718538 -2.912631750 -0.528728366 0.008846773 0.848744988 92.001983643
0.879995942 0.014293293 0.474766046 56.756580353 -0.011018348 0.999892414 -0.009679840 -2.921047211 -0.474853337 0.003287083 0.880058765 92.430938721
0.905770063 0.014923542 0.423506737 56.921718597 -0.014650180 0.999885142 -0.003901083 -2.935357332 -0.423516333 -0.002670965 0.905884564 92.865417480
0.925509393 0.017087387 0.378338963 57.047409058 -0.018411061 0.999830484 -0.000118631 -2.948886633 -0.378276944 -0.006855829 0.925667048 93.303573608
0.940316141 0.022160737 0.339579821 57.154521942 -0.024616461 0.999692619 0.002925159 -2.958943129 -0.339410663 -0.011109828 0.940572679 93.743019104
0.952171981 0.026422227 0.304418027 57.264732361 -0.028442850 0.999592900 0.002204245 -2.962858677 -0.304235905 -0.010757337 0.952535987 94.201339722
0.961217821 0.029160483 0.274244428 57.363986969 -0.030905640 0.999520242 0.002044012 -2.960519791 -0.274053246 -0.010440441 0.961657882 94.667152405
0.967315018 0.023936437 0.252445847 57.473865509 -0.025237067 0.999679625 0.001914947 -2.962572813 -0.252319157 -0.008223348 0.967609107 95.138603210
0.971255660 0.020627487 0.237143323 57.576755524 -0.022029243 0.999751925 0.003262393 -2.977540255 -0.237017229 -0.008392705 0.971469223 95.619804382
0.974117517 0.025845511 0.224559546 57.671073914 -0.027103528 0.999629438 0.002520891 -2.979463100 -0.224411175 -0.008542001 0.974457085 96.117286682
0.976091027 0.031000854 0.215140298 57.760776520 -0.032465596 0.999467432 0.003277036 -2.979775190 -0.214924172 -0.010183341 0.976577640 96.622146606
0.977394700 0.037154585 0.208132669 57.868713379 -0.038399264 0.999260604 0.001941689 -2.974507093 -0.207906634 -0.009889937 0.978098691 97.110435486
0.977718174 0.043051690 0.205460146 57.961250305 -0.043662693 0.999045193 -0.001561224 -2.979378223 -0.205331177 -0.007444507 0.978664219 97.629508972
0.977866828 0.044755280 0.204385966 58.071189880 -0.044817343 0.998985946 -0.004327629 -2.986306190 -0.204372361 -0.004928190 0.978880823 98.168304443
0.977323651 0.043426365 0.207250163 58.181385040 -0.042684466 0.999056339 -0.008052313 -2.993483305 -0.207404211 -0.000976648 0.978254914 98.708732605
0.976529479 0.042604703 0.211128116 58.303337097 -0.040491901 0.999077380 -0.014322355 -3.003819466 -0.211543486 0.005437223 0.977353513 99.256149292
0.975769818 0.041765016 0.214776114 58.436477661 -0.038548592 0.999073446 -0.019144373 -3.004443645 -0.215376675 0.010401186 0.976475716 99.812301636
0.974481165 0.046476133 0.219605446 58.552898407 -0.043379955 0.998879850 -0.018902663 -3.013830662 -0.220237970 0.008893811 0.975405753 100.396873474
0.973085582 0.049594440 0.225044325 58.683609009 -0.047415268 0.998761356 -0.015081035 -3.026086092 -0.225513548 0.004004597 0.974231899 100.988090515
0.972098231 0.046775404 0.229863107 58.826938629 -0.045565318 0.998905480 -0.010572567 -3.037724972 -0.230106041 -0.000196214 0.973165631 101.590766907
0.971364558 0.042420760 0.233776420 58.977321625 -0.042490177 0.999085724 -0.004741808 -3.051078796 -0.233763829 -0.005327179 0.972278893 102.205490112
0.970622540 0.039824452 0.237288460 59.137870789 -0.041059703 0.999156654 0.000263819 -3.064461946 -0.237077802 -0.009999061 0.971439183 102.829750061
0.970052958 0.035094939 0.240344763 59.296272278 -0.036362492 0.999338269 0.000839731 -3.070658207 -0.240156233 -0.009554119 0.970687211 103.466964722
0.970058680 0.031823251 0.240776449 59.456558228 -0.032186776 0.999478936 -0.002423836 -3.076662779 -0.240728080 -0.005398556 0.970577538 104.111808777
0.970157087 0.031086488 0.240476161 59.617755890 -0.029729238 0.999515116 -0.009270668 -3.087107182 -0.240647718 0.001844830 0.970610738 104.761436462
0.970385969 0.033512071 0.239223853 59.781902313 -0.030591909 0.999405384 -0.015910547 -3.096074343 -0.239614770 0.008121056 0.970834076 105.414749146
0.970996082 0.036275338 0.236327440 59.941585541 -0.032511260 0.999275148 -0.019806134 -3.103100777 -0.236874565 0.011548375 0.971471608 106.091789246
0.971598089 0.034924071 0.234045818 60.102909088 -0.032135271 0.999359965 -0.015719777 -3.111651659 -0.234444991 0.007752180 0.972098529 106.786758423
0.971998751 0.030814484 0.232956916 60.268585205 -0.029730631 0.999524653 -0.008163332 -3.126450062 -0.233097717 0.001008792 0.972452760 107.498008728
0.972567558 0.031430550 0.230487406 60.439937592 -0.031853706 0.999490798 -0.001885835 -3.144867659 -0.230429277 -0.005507777 0.973073483 108.214912415
0.972834229 0.034837071 0.228866622 60.599960327 -0.035134867 0.999378681 -0.002774647 -3.153843164 -0.228821099 -0.005341927 0.973453820 108.947563171
0.973158419 0.040488657 0.226546571 60.756839752 -0.039847489 0.999178290 -0.007404510 -3.162470579 -0.226660237 -0.001821552 0.973972201 109.677665710
0.974017501 0.041466158 0.222644344 60.922317505 -0.039673999 0.999134302 -0.012518116 -3.172985077 -0.222970635 0.003359672 0.974819422 110.410835266
0.974984586 0.040021393 0.218639791 61.090396881 -0.037526332 0.999174535 -0.015554185 -3.183681011 -0.219081804 0.006960342 0.975681722 111.165618896
0.975882769 0.038162224 0.214933842 61.254974365 -0.036001183 0.999254167 -0.013961638 -3.198368788 -0.215306327 0.005887050 0.976528823 111.939804077
0.976760626 0.034328565 0.211565912 61.425891876 -0.032563671 0.999399781 -0.011821580 -3.214593649 -0.211844742 0.004657491 0.977292240 112.720184326
0.977168024 0.033197213 0.209858343 61.592536926 -0.032042105 0.999446809 -0.008902817 -3.230412960 -0.210037827 0.001975244 0.977691293 113.514434814
0.977494419 0.030301424 0.208773702 61.759048462 -0.029548073 0.999540687 -0.006727047 -3.240037441 -0.208881646 0.000406789 0.977940798 114.315116882
0.977764010 0.024834231 0.208232597 61.935047150 -0.024237577 0.999691665 -0.005416731 -3.254574776 -0.208302900 0.000249231 0.978064358 115.102066040
0.977855027 0.025872910 0.207678199 62.100368500 -0.025633533 0.999664068 -0.003844110 -3.266228676 -0.207707882 -0.001564544 0.978189647 115.906349182
0.977637827 0.031248234 0.207961366 62.263446808 -0.030677862 0.999511600 -0.005968076 -3.275144100 -0.208046302 -0.000545194 0.978118777 116.722343445
0.977347970 0.036736909 0.208426461 62.431632996 -0.035648670 0.999324083 -0.008976440 -3.293001413 -0.208615363 0.001342978 0.977996767 117.544548035
0.976761162 0.045489613 0.209447607 62.594055176 -0.044230402 0.998964071 -0.010694571 -3.301244259 -0.209717125 0.001182089 0.977761447 118.377426147
0.975806653 0.051469661 0.212490812 62.755386353 -0.050421815 0.998674393 -0.010350971 -3.313966513 -0.212741867 -0.000613627 0.977108300 119.204254150
0.975021482 0.054051515 0.215433240 62.926502228 -0.053488672 0.998532712 -0.008446234 -3.330409765 -0.215573683 -0.003287980 0.976482034 120.043800354
0.974472761 0.054412887 0.217811584 63.117439270 -0.053788316 0.998513639 -0.008800081 -3.359373331 -0.217966631 -0.003140277 0.975951195 120.884048462
0.974110186 0.052880522 0.219801992 63.300224304 -0.051549844 0.998600960 -0.011789279 -3.371690273 -0.220117837 0.000153299 0.975473285 121.717681885
0.974092960 0.046871185 0.221237361 63.493183136 -0.045689844 0.998900950 -0.010457208 -3.389172077 -0.221484318 0.000077995 0.975163937 122.555252075
0.974369824 0.040238246 0.221324071 63.691589355 -0.038533721 0.999185145 -0.012015687 -3.409284115 -0.221627176 0.003179283 0.975126326 123.390167236
0.974193394 0.039309185 0.222265676 63.886264801 -0.037633911 0.999222338 -0.011769296 -3.436005116 -0.222555459 0.003100842 0.974915087 124.222564697
0.973588645 0.041929338 0.224426523 64.071685791 -0.040951081 0.999120593 -0.009013918 -3.452111959 -0.224607080 -0.000414660 0.974449337 125.071899414
0.973192573 0.043907519 0.225761473 64.254287720 -0.044330187 0.999011815 -0.003199490 -3.468011379 -0.225678846 -0.006894329 0.974177420 125.909812927
0.972804368 0.047712378 0.226660907 64.435707092 -0.049173798 0.998789907 0.000802301 -3.484407902 -0.226348370 -0.011926262 0.973973393 126.742027283
0.972526431 0.047469340 0.227901354 64.620429993 -0.047491081 0.998857141 -0.005391634 -3.505663633 -0.227896810 -0.005579775 0.973669350 127.566131592
0.972922206 0.042632870 0.227166742 64.825920105 -0.039147977 0.999036729 -0.019826256 -3.523993015 -0.227793172 0.010396291 0.973654091 128.380599976
