0.998536 0.0525588 -0.0127452 1.33495 -0.0531102 0.99745 -0.0476823 0.934591 0.0102066 0.0482894 0.998781 0.731095
1 -2.4224e-111 -6.09201e-111 1.24295 1.89021e-111 -0.783239 0.621721 1.01203 -6.27755e-111 -0.621721 -0.783239 1.55211
1 -2.43868e-111 -5.94182e-111 1.1303 1.78408e-111 -0.783239 0.621721 1.12158 -6.17004e-111 -0.621721 -0.783239 3.60622
1 -2.42541e-111 -5.67886e-111 1.3508 1.63099e-111 -0.783239 0.621721 1.30858 -5.95584e-111 -0.621721 -0.783239 6.48988
1 -2.34475e-111 -5.40039e-111 1.60561 1.52104e-111 -0.783239 0.621721 1.74683 -5.68758e-111 -0.621721 -0.783239 10.1968
1 -2.25349e-111 -5.03389e-111 0.683246 1.36466e-111 -0.783239 0.621721 1.31084 -5.34378e-111 -0.621721 -0.783239 15.5297
1 -2.1535e-111 -4.62578e-111 -0.110665 1.18924e-111 -0.783239 0.621721 1.68888 -4.96196e-111 -0.621721 -0.783239 21.6409
1 -2.08324e-111 -4.30871e-111 -0.467336 1.04714e-111 -0.783239 0.621721 1.57331 -4.66994e-111 -0.621721 -0.783239 29.4395
1 -2.0168e-111 -3.96798e-111 -1.01462 8.87343e-112 -0.783239 0.621721 1.42435 -4.36177e-111 -0.621721 -0.783239 38.7213
1 -2.07255e-111 -3.86455e-111 -0.987247 7.79371e-112 -0.783239 0.621721 1.59243 -4.31541e-111 -0.621721 -0.783239 48.0411
1 -2.25202e-111 -4.08717e-111 -1.31377 7.77208e-112 -0.783239 0.621721 1.34698 -4.60136e-111 -0.621721 -0.783239 57.2663
1 -2.48592e-111 -4.52579e-111 -1.09113 8.66716e-112 -0.783239 0.621721 1.13594 -5.09032e-111 -0.621721 -0.783239 69.1766
1 -2.65782e-111 -4.93504e-111 -1.3145 9.86506e-112 -0.783239 0.621721 0.050947 -5.51774e-111 -0.621721 -0.783239 81.7105
1 -2.78256e-111 -5.23518e-111 -1.23359 1.07542e-111 -0.783239 0.621721 0.305132 -5.83037e-111 -0.621721 -0.783239 95.569
1 -2.782e-111 -5.12966e-111 -2.14524 1.01025e-111 -0.783239 0.621721 0.137501 -5.74738e-111 -0.621721 -0.783239 107.271
1 -2.71471e-111 -4.87406e-111 -1.44415 9.04038e-112 -0.783239 0.621721 2.27198 -5.50534e-111 -0.621721 -0.783239 121.903
1 -2.65847e-111 -4.49432e-111 0.247372 7.11998e-112 -0.783239 0.621721 1.93261 -5.17295e-111 -0.621721 -0.783239 138.677
1 -2.62233e-111 -4.38464e-111 -1.33564 6.72112e-112 -0.783239 0.621721 2.03125 -5.06458e-111 -0.621721 -0.783239 154.814
1 -2.56627e-111 -4.53427e-111 0.152382 8.09051e-112 -0.783239 0.621721 3.32104 -5.14693e-111 -0.621721 -0.783239 174.941
1 -2.43096e-111 -4.73848e-111 1.49917 1.04199e-111 -0.783239 0.621721 1.04866 -5.22274e-111 -0.621721 -0.783239 192.631
1 -2.29556e-111 -4.70391e-111 1.40694 1.12655e-111 -0.783239 0.621721 3.22363 -5.11148e-111 -0.621721 -0.783239 218.625
1 -1.99195e-111 -4.44947e-111 1.9189 1.20615e-111 -0.783239 0.621721 4.81353 -4.72343e-111 -0.621721 -0.783239 242.41
1 -1.67927e-111 -4.22927e-111 1.65738 1.31416e-111 -0.783239 0.621721 5.66901 -4.35657e-111 -0.621721 -0.783239 266.774
1 -1.28963e-111 -3.82865e-111 2.17764 1.37026e-111 -0.783239 0.621721 6.8152 -3.80054e-111 -0.621721 -0.783239 294.965
1 -9.90231e-112 -3.78576e-111 1.36705 1.5781e-111 -0.783239 0.621721 6.6565 -3.5808e-111 -0.621721 -0.783239 317.758
1 -7.48992e-111 -6.24355e-111 10.9925 -1.98464e-111 -0.783239 0.621721 2.31557 -9.54683e-111 -0.621721 -0.783239 345.941
1 -7.13777e-111 -6.38565e-111 11.1203 -1.62049e-111 -0.783239 0.621721 2.2853 -9.43919e-111 -0.621721 -0.783239 377.259
1 -6.79331e-111 -6.55651e-111 11.3128 -1.24446e-111 -0.783239 0.621721 1.57402 -9.35886e-111 -0.621721 -0.783239 408.368
1 -6.59957e-111 -6.75247e-111 14.2697 -9.70883e-112 -0.783239 0.621721 1.35953 -9.39189e-111 -0.621721 -0.783239 438.965
1 -6.48093e-111 -7.22911e-111 12.9506 -5.81629e-112 -0.783239 0.621721 1.35076 -9.69145e-111 -0.621721 -0.783239 468.693
1 -6.4389e-111 -8.07301e-111 12.9126 -2.40319e-113 -0.783239 0.621721 1.86754 -1.03263e-110 -0.621721 -0.783239 503.28
1 -6.4801e-111 -8.96538e-111 17.4714 4.985e-112 -0.783239 0.621721 5.53029 -1.10508e-110 -0.621721 -0.783239 535.45
1 -6.57968e-111 -1.01117e-110 17.8575 1.13318e-111 -0.783239 0.621721 2.7419 -1.20106e-110 -0.621721 -0.783239 566.351
1 -6.58004e-111 -1.10319e-110 17.9068 1.705e-111 -0.783239 0.621721 -0.914454 -1.27315e-110 -0.621721 -0.783239 600.885
1 -6.61221e-111 -1.16661e-110 17.7805 2.07411e-111 -0.783239 0.621721 0.412341 -1.32483e-110 -0.621721 -0.783239 639.789
1 -6.75674e-111 -1.24465e-110 18.3076 2.4461e-111 -0.783239 0.621721 2.28982 -1.39494e-110 -0.621721 -0.783239 673.56
1 -2.78684e-112 -1.0483e-110 0.803541 6.29925e-111 -0.783239 0.621721 12.0548 -8.38398e-111 -0.621721 -0.783239 714.571
1 -7.56348e-112 -1.12309e-110 -3.32656 6.39011e-111 -0.783239 0.621721 9.00728 -9.26674e-111 -0.621721 -0.783239 752.977
1 -1.2595e-111 -1.19067e-110 -4.5005 6.41618e-111 -0.783239 0.621721 7.82732 -1.01089e-110 -0.621721 -0.783239 797.918
1 -1.7621e-111 -1.23296e-110 -6.21421 6.28545e-111 -0.783239 0.621721 9.13824 -1.07526e-110 -0.621721 -0.783239 842.098
1 -2.37569e-111 -1.27995e-110 -10.0058 6.097e-111 -0.783239 0.621721 6.2045 -1.15021e-110 -0.621721 -0.783239 891.267
1 -3.04901e-111 -1.31337e-110 -8.5924 5.77738e-111 -0.783239 0.621721 11.1871 -1.21824e-110 -0.621721 -0.783239 933.85
1 -3.64275e-111 -1.3285e-110 -14.4717 5.4064e-111 -0.783239 0.621721 18.044 -1.26701e-110 -0.621721 -0.783239 975.518
1 -4.19794e-111 -1.3326e-110 -18.1679 4.99708e-111 -0.783239 0.621721 20.2777 -1.30474e-110 -0.621721 -0.783239 1020.88
1 -4.7059e-111 -1.32235e-110 -17.8356 4.53551e-111 -0.783239 0.621721 22.9884 -1.32829e-110 -0.621721 -0.783239 1074.75
1 -5.11655e-111 -1.30759e-110 -25.5217 4.12207e-111 -0.783239 0.621721 24.6346 -1.34226e-110 -0.621721 -0.783239 1123.51
1 -5.44085e-111 -1.28158e-110 -30.093 3.70637e-111 -0.783239 0.621721 29.3964 -1.34205e-110 -0.621721 -0.783239 1175.05
1 -5.65997e-111 -1.23297e-110 -32.5743 3.23254e-111 -0.783239 0.621721 25.9531 -1.3176e-110 -0.621721 -0.783239 1233.9
0.804044 0.102648 -0.585643 -61.3324 -0.0538692 0.99351 0.100179 -10.3316 0.592125 -0.0489999 0.804355 1452.4
1 -7.79705e-110 1.63862e-110 422.271 -7.12572e-110 -0.783239 0.621721 -67.3692 -3.56416e-110 -0.621721 -0.783239 1493.97
1 -7.80636e-110 1.64678e-110 466.409 -7.13808e-110 -0.783239 0.621721 -68.8281 -3.56356e-110 -0.621721 -0.783239 1631.34
1 -7.82192e-110 1.69453e-110 462.549 -7.17995e-110 -0.783239 0.621721 -66.5904 -3.53583e-110 -0.621721 -0.783239 1628.08
1 -7.82983e-110 1.67966e-110 530.613 -7.17691e-110 -0.783239 0.621721 -69.8875 -3.5524e-110 -0.621721 -0.783239 1835.91
1 -7.86236e-110 1.5472e-110 556.264 -7.12003e-110 -0.783239 0.621721 -73.6511 -3.67637e-110 -0.621721 -0.783239 1913.81
1 -7.94508e-110 1.22785e-110 570.648 -6.98627e-110 -0.783239 0.621721 -79.0592 -3.97793e-110 -0.621721 -0.783239 1960.92
1 -7.99783e-110 9.92563e-111 602.605 -6.88131e-110 -0.783239 0.621721 -84.0632 -4.19501e-110 -0.621721 -0.783239 2054.9
1 -8.02652e-110 7.80541e-111 627.963 -6.77196e-110 -0.783239 0.621721 -90.397 -4.37891e-110 -0.621721 -0.783239 2126.02
1 -8.04082e-110 6.11478e-111 657.529 -6.67805e-110 -0.783239 0.621721 -95.6285 -4.52021e-110 -0.621721 -0.783239 2209.16
1 -8.05618e-110 4.59938e-111 681.681 -6.59587e-110 -0.783239 0.621721 -100.911 -4.64846e-110 -0.621721 -0.783239 2277.6
1 -8.08486e-110 2.75734e-111 708 -6.5038e-110 -0.783239 0.621721 -108.964 -4.81056e-110 -0.621721 -0.783239 2354.59
1 -8.1125e-110 9.81207e-112 732.867 -6.41502e-110 -0.783239 0.621721 -116.714 -4.96686e-110 -0.621721 -0.783239 2427.16
1 -8.14458e-110 -6.93601e-112 757.6 -6.33603e-110 -0.783239 0.621721 -124.306 -5.11798e-110 -0.621721 -0.783239 2501.88
1 -8.18624e-110 -2.43742e-111 786.889 -6.26024e-110 -0.783239 0.621721 -134.185 -5.28047e-110 -0.621721 -0.783239 2593.4
1 -8.23117e-110 -3.80262e-111 815.358 -6.21056e-110 -0.783239 0.621721 -142.217 -5.41533e-110 -0.621721 -0.783239 2686.59
1 -8.29563e-110 -5.3128e-111 837.422 -6.16715e-110 -0.783239 0.621721 -148.732 -5.57369e-110 -0.621721 -0.783239 2765.43
1 -8.36686e-110 -6.17338e-111 864.295 -6.16943e-110 -0.783239 0.621721 -154.772 -5.68537e-110 -0.621721 -0.783239 2867.07
1 -8.44368e-110 -7.12967e-111 888.281 -6.17015e-110 -0.783239 0.621721 -162.405 -5.80804e-110 -0.621721 -0.783239 2961.27
1 -8.5093e-110 -7.68808e-111 916.82 -6.18683e-110 -0.783239 0.621721 -171.219 -5.89257e-110 -0.621721 -0.783239 3068.68
1 -8.58554e-110 -8.44459e-111 938.783 -6.19951e-110 -0.783239 0.621721 -179.707 -5.99922e-110 -0.621721 -0.783239 3158.66
1 -8.66669e-110 -9.05807e-111 963.198 -6.22493e-110 -0.783239 0.621721 -189.526 -6.09773e-110 -0.621721 -0.783239 3259.65
1 -8.74333e-110 -9.70275e-111 990.575 -6.24488e-110 -0.783239 0.621721 -200.427 -6.19587e-110 -0.621721 -0.783239 3367.08
1 -8.82617e-110 -1.04656e-110 1015.6 -6.26233e-110 -0.783239 0.621721 -212.986 -6.30713e-110 -0.621721 -0.783239 3469.68
1 -8.90184e-110 -1.14432e-110 1034.94 -6.26082e-110 -0.783239 0.621721 -223.846 -6.43074e-110 -0.621721 -0.783239 3550.15
1 -8.97197e-110 -1.22948e-110 1057.26 -6.26279e-110 -0.783239 0.621721 -231.659 -6.54104e-110 -0.621721 -0.783239 3637.87
1 -9.05486e-110 -1.35372e-110 1086.7 -6.25048e-110 -0.783239 0.621721 -242.077 -6.68988e-110 -0.621721 -0.783239 3748.75
1 -9.13337e-110 -1.46811e-110 1117.14 -6.24085e-110 -0.783239 0.621721 -254.626 -6.82829e-110 -0.621721 -0.783239 3862
1 -9.21311e-110 -1.5883e-110 1154.33 -6.22858e-110 -0.783239 0.621721 -273.906 -6.97201e-110 -0.621721 -0.783239 3994.92
1 -9.28213e-110 -1.69389e-110 1188.5 -6.217e-110 -0.783239 0.621721 -294.294 -7.09761e-110 -0.621721 -0.783239 4115.94
1 -9.34821e-110 -1.78578e-110 1221.3 -6.21162e-110 -0.783239 0.621721 -311.697 -7.21068e-110 -0.621721 -0.783239 4232.23
1 -9.40707e-110 -1.83016e-110 1252.92 -6.23014e-110 -0.783239 0.621721 -322.6 -7.28203e-110 -0.621721 -0.783239 4347.28
1 -9.44293e-110 -1.8532e-110 1284.22 -6.24389e-110 -0.783239 0.621721 -330.849 -7.32237e-110 -0.621721 -0.783239 4451.95
1 -9.47279e-110 -1.88822e-110 1323.12 -6.2455e-110 -0.783239 0.621721 -344.279 -7.36836e-110 -0.621721 -0.783239 4573.18
1 -9.49397e-110 -1.95674e-110 1365.6 -6.2195e-110 -0.783239 0.621721 -364.746 -7.4352e-110 -0.621721 -0.783239 4695.39
1 -9.50333e-110 -2.06412e-110 1405.08 -6.16007e-110 -0.783239 0.621721 -387.88 -7.52512e-110 -0.621721 -0.783239 4799.19
1 -9.50071e-110 -2.20318e-110 1451.58 -6.07156e-110 -0.783239 0.621721 -412.352 -7.63241e-110 -0.621721 -0.783239 4912.42
1 -9.48131e-110 -2.35485e-110 1491.21 -5.96207e-110 -0.783239 0.621721 -429.785 -7.73914e-110 -0.621721 -0.783239 4994.5
1 -9.45017e-110 -2.45648e-110 1538.1 -5.87449e-110 -0.783239 0.621721 -442.19 -7.79938e-110 -0.621721 -0.783239 5095.71
1 -9.42245e-110 -2.58085e-110 1595.55 -5.77546e-110 -0.783239 0.621721 -457.027 -7.87956e-110 -0.621721 -0.783239 5225.81
1 -9.39323e-110 -2.72265e-110 1650.14 -5.66441e-110 -0.783239 0.621721 -475.584 -7.97245e-110 -0.621721 -0.783239 5344.94
1 -9.35531e-110 -2.91557e-110 1713 -5.51477e-110 -0.783239 0.621721 -499.41 -8.09998e-110 -0.621721 -0.783239 5476.51
1 -9.27153e-110 -3.08912e-110 1774.22 -5.34125e-110 -0.783239 0.621721 -517.457 -8.18382e-110 -0.621721 -0.783239 5575.78
1 -9.19561e-110 -3.31224e-110 1843.58 -5.14307e-110 -0.783239 0.621721 -544.381 -8.31137e-110 -0.621721 -0.783239 5697.57
1 -9.09747e-110 -3.56616e-110 1920.52 -4.90833e-110 -0.783239 0.621721 -576.751 -8.44924e-110 -0.621721 -0.783239 5824.17
1 -8.98196e-110 -3.77319e-110 1991.76 -4.68914e-110 -0.783239 0.621721 -604.104 -8.53958e-110 -0.621721 -0.783239 5926.44
1 -8.85727e-110 -3.96567e-110 2067.23 -4.47182e-110 -0.783239 0.621721 -627.974 -8.61281e-110 -0.621721 -0.783239 6034.96
1 -8.46303e-110 -3.70573e-110 2010.9 -4.32464e-110 -0.783239 0.621721 -524.413 -8.16411e-110 -0.621721 -0.783239 5757.05
1 -8.34482e-110 -3.96949e-110 2067.84 -4.06807e-110 -0.783239 0.621721 -535.598 -8.29721e-110 -0.621721 -0.783239 5813.5
1 -8.07679e-110 -4.00958e-110 2172.06 -3.83321e-110 -0.783239 0.621721 -548.473 -8.16196e-110 -0.621721 -0.783239 5926.57
1 -8.19651e-110 -4.08088e-110 2109.78 -3.88265e-110 -0.783239 0.621721 -526.37 -8.29224e-110 -0.621721 -0.783239 5808.32
1 -7.9987e-110 -4.21923e-110 2137.34 -3.64171e-110 -0.783239 0.621721 -511.643 -8.27763e-110 -0.621721 -0.783239 5716.68
1 -7.67626e-110 -4.39082e-110 2210.2 -3.28248e-110 -0.783239 0.621721 -499.091 -8.21155e-110 -0.621721 -0.783239 5657.73
1 -7.5121e-110 -4.37203e-110 2327.95 -3.16559e-110 -0.783239 0.621721 -555.744 -8.09478e-110 -0.621721 -0.783239 5953.07
1 -7.54795e-110 -4.34198e-110 2335.64 -3.21234e-110 -0.783239 0.621721 -551.483 -8.09353e-110 -0.621721 -0.783239 6020.75
1 -7.6051e-110 -4.40086e-110 2368.67 -3.22049e-110 -0.783239 0.621721 -588.14 -8.17518e-110 -0.621721 -0.783239 6194.77
1 -7.51614e-110 -4.44206e-110 2431.28 -3.12521e-110 -0.783239 0.621721 -611.098 -8.15213e-110 -0.621721 -0.783239 6337.16
1 -7.29722e-110 -4.40436e-110 2582.55 -2.97718e-110 -0.783239 0.621721 -668.923 -7.9865e-110 -0.621721 -0.783239 6701.9
1 -7.26489e-110 -4.39958e-110 2589.66 -2.95483e-110 -0.783239 0.621721 -666.304 -7.96266e-110 -0.621721 -0.783239 6699.05
1 -7.1786e-110 -4.34862e-110 2646.17 -2.91893e-110 -0.783239 0.621721 -694.038 -7.8691e-110 -0.621721 -0.783239 6824.71
1 -7.09299e-110 -4.17569e-110 2719.17 -2.95939e-110 -0.783239 0.621721 -709.47 -7.68043e-110 -0.621721 -0.783239 7040.65
1 -7.02399e-110 -3.84283e-110 2725.36 -3.1123e-110 -0.783239 0.621721 -677.815 -7.37682e-110 -0.621721 -0.783239 7037.14
1 -6.9291e-110 -3.18084e-110 2702.51 -3.44955e-110 -0.783239 0.621721 -597.849 -6.79932e-110 -0.621721 -0.783239 6949.45
1 -6.86313e-110 -2.76008e-110 2683.49 -3.65947e-110 -0.783239 0.621721 -563.498 -6.42875e-110 -0.621721 -0.783239 6869.53
1 -6.82443e-110 -2.65854e-110 2708.51 -3.69229e-110 -0.783239 0.621721 -569.227 -6.32516e-110 -0.621721 -0.783239 6935.2
1 -6.73807e-110 -2.50338e-110 2783.21 -3.72112e-110 -0.783239 0.621721 -623.815 -6.14995e-110 -0.621721 -0.783239 7165.25
1 -6.64249e-110 -2.01599e-110 2836.35 -3.94927e-110 -0.783239 0.621721 -619.019 -5.70877e-110 -0.621721 -0.783239 7363.18
1 -6.48296e-110 -1.01366e-110 2932.58 -4.44749e-110 -0.783239 0.621721 -599.591 -4.82453e-110 -0.621721 -0.783239 7754.98
1 -6.3801e-110 -6.26181e-111 2988.83 -4.60783e-110 -0.783239 0.621721 -586.807 -4.45709e-110 -0.621721 -0.783239 7930.85
1 -6.26544e-110 -2.2089e-111 3039.48 -4.77001e-110 -0.783239 0.621721 -563.304 -4.06837e-110 -0.621721 -0.783239 8072.94
1 -6.12126e-110 8.06832e-111 3149.07 -5.29603e-110 -0.783239 0.621721 -551.816 -3.17377e-110 -0.621721 -0.783239 8524.23
1 -5.93873e-110 1.71211e-110 3233 -5.7159e-110 -0.783239 0.621721 -499.939 -2.35125e-110 -0.621721 -0.783239 8822.27
1 -5.81098e-110 1.97005e-110 3301.66 -5.7762e-110 -0.783239 0.621721 -500.658 -2.06979e-110 -0.621721 -0.783239 8973.28
1 -5.75803e-110 2.40609e-110 3275.05 -6.00582e-110 -0.783239 0.621721 -447.779 -1.69535e-110 -0.621721 -0.783239 8915.14
1 -5.57246e-110 2.34911e-110 3340.07 -5.82506e-110 -0.783239 0.621721 -448.129 -1.62461e-110 -0.621721 -0.783239 8896.26
1 -5.51534e-110 2.57122e-110 3380.13 -5.91841e-110 -0.783239 0.621721 -448.033 -1.41512e-110 -0.621721 -0.783239 9043.69
1 -5.51807e-110 2.78437e-110 3410.51 -6.05307e-110 -0.783239 0.621721 -471.001 -1.24988e-110 -0.621721 -0.783239 9223.68
1 -5.3365e-110 2.90603e-110 3515.07 -5.98649e-110 -0.783239 0.621721 -497.661 -1.0417e-110 -0.621721 -0.783239 9393.88
1 -5.21875e-110 2.98621e-110 3598.99 -5.94412e-110 -0.783239 0.621721 -536.635 -9.05697e-111 -0.621721 -0.783239 9565.58
1 -5.16452e-110 2.9594e-110 3658.62 -5.88497e-110 -0.783239 0.621721 -588.646 -8.92978e-111 -0.621721 -0.783239 9713.92
1 -5.10215e-110 2.92098e-110 3753.5 -5.81224e-110 -0.783239 0.621721 -620.89 -8.84289e-111 -0.621721 -0.783239 10009.4
1 -5.11854e-110 2.90686e-110 3768.87 -5.81629e-110 -0.783239 0.621721 -648.407 -9.05537e-111 -0.621721 -0.783239 10099.1
1 -4.97258e-110 2.90347e-110 3879.59 -5.69987e-110 -0.783239 0.621721 -685.041 -8.17448e-111 -0.621721 -0.783239 10320.1
1 -4.94508e-110 2.88574e-110 3870.37 -5.66731e-110 -0.783239 0.621721 -677.211 -8.14235e-111 -0.621721 -0.783239 10218.1
1 -4.93399e-110 2.8869e-110 3993.03 -5.65934e-110 -0.783239 0.621721 -756.654 -8.0643e-111 -0.621721 -0.783239 10743.2
1 -4.90718e-110 2.88644e-110 4075.45 -5.63805e-110 -0.783239 0.621721 -789.349 -7.90125e-111 -0.621721 -0.783239 11063.8
1 -4.9292e-110 2.82054e-110 4117.25 -5.61433e-110 -0.783239 0.621721 -909.217 -8.55431e-111 -0.621721 -0.783239 11256.4
1 -4.92289e-110 2.78175e-110 4146.33 -5.58527e-110 -0.783239 0.621721 -965.451 -8.81895e-111 -0.621721 -0.783239 11349.9
1 -4.94556e-110 2.69131e-110 4226.33 -5.5468e-110 -0.783239 0.621721 -1053.61 -9.66822e-111 -0.621721 -0.783239 11722.6
1 -4.92683e-110 2.57703e-110 4175.27 -5.46108e-110 -0.783239 0.621721 -1049.16 -1.04469e-110 -0.621721 -0.783239 11420.3
1 -4.96147e-110 2.41674e-110 4173.19 -5.38856e-110 -0.783239 0.621721 -1088.49 -1.19177e-110 -0.621721 -0.783239 11436.2
1 -4.95772e-110 2.26515e-110 4236.65 -5.29137e-110 -0.783239 0.621721 -1151.04 -1.30816e-110 -0.621721 -0.783239 11665
1 -5.00421e-110 2.04858e-110 4229.87 -5.19314e-110 -0.783239 0.621721 -1191.28 -1.5067e-110 -0.621721 -0.783239 11669.2
1 -5.0079e-110 2.00211e-110 4281.86 -5.16714e-110 -0.783239 0.621721 -1239.72 -1.54539e-110 -0.621721 -0.783239 11908.9
1 -5.00286e-110 1.98651e-110 4338.1 -5.15349e-110 -0.783239 0.621721 -1273.88 -1.55448e-110 -0.621721 -0.783239 12154.7
1 -4.94485e-110 1.97107e-110 4448.83 -5.09845e-110 -0.783239 0.621721 -1326.19 -1.5305e-110 -0.621721 -0.783239 12521.2
1 -4.8633e-110 2.05142e-110 4503.39 -5.08454e-110 -0.783239 0.621721 -1313.76 -1.41687e-110 -0.621721 -0.783239 12611.6
1 -4.8006e-110 2.00668e-110 4655.44 -5.00762e-110 -0.783239 0.621721 -1401.35 -1.41292e-110 -0.621721 -0.783239 13148.1
1 -4.70433e-110 1.93943e-110 4664.66 -4.8904e-110 -0.783239 0.621721 -1448.44 -1.40574e-110 -0.621721 -0.783239 12902.4
1 -4.70792e-110 1.68471e-110 4669 -4.73484e-110 -0.783239 0.621721 -1580.7 -1.60748e-110 -0.621721 -0.783239 12820.1
1 -4.52379e-110 1.30125e-110 4809.46 -4.35222e-110 -0.783239 0.621721 -1701.84 -1.79334e-110 -0.621721 -0.783239 12888.9
1 -4.3814e-110 1.15672e-110 4915.89 -4.15084e-110 -0.783239 0.621721 -1749.25 -1.81802e-110 -0.621721 -0.783239 12996.2
1 -4.17414e-110 9.3729e-111 5097.13 -3.85208e-110 -0.783239 0.621721 -1829.71 -1.86103e-110 -0.621721 -0.783239 13277.9
1 -4.16562e-110 8.96608e-111 5170.97 -3.82011e-110 -0.783239 0.621721 -1903.74 -1.8876e-110 -0.621721 -0.783239 13670.6
1 -4.08864e-110 9.83951e-111 5241.73 -3.81412e-110 -0.783239 0.621721 -1930.63 -1.77132e-110 -0.621721 -0.783239 13851.9
1 -4.07835e-110 7.66898e-111 5311.2 -3.67112e-110 -0.783239 0.621721 -2017.02 -1.93493e-110 -0.621721 -0.783239 14139.6
1 -4.19164e-110 3.14734e-111 5299.23 -3.47873e-110 -0.783239 0.621721 -2134.02 -2.35952e-110 -0.621721 -0.783239 14290
1 -4.19266e-110 1.01366e-111 5345.09 -3.34687e-110 -0.783239 0.621721 -2210.97 -2.52727e-110 -0.621721 -0.783239 14488.6
1 -4.18319e-110 -7.60933e-112 5396.16 -3.22912e-110 -0.783239 0.621721 -2284.7 -2.66038e-110 -0.621721 -0.783239 14696
1 -4.19412e-110 -2.96955e-111 5438.36 -3.10038e-110 -0.783239 0.621721 -2375.54 -2.84016e-110 -0.621721 -0.783239 14913.9
1 -3.99663e-110 -5.29871e-112 5620.82 -3.09738e-110 -0.783239 0.621721 -2416.69 -2.52629e-110 -0.621721 -0.783239 15428
1 -4.01322e-110 -2.68019e-111 5661.12 -2.97667e-110 -0.783239 0.621721 -2516.44 -2.70503e-110 -0.621721 -0.783239 15664.5
1 -4.02894e-110 -4.06514e-111 5714.07 -2.90288e-110 -0.783239 0.621721 -2591.5 -2.82327e-110 -0.621721 -0.783239 16026.8
1 -4.05334e-110 -6.32664e-111 5739.13 -2.78139e-110 -0.783239 0.621721 -2686.18 -3.01557e-110 -0.621721 -0.783239 16199.3
1 -4.06013e-110 -6.7716e-111 5852.29 -2.75905e-110 -0.783239 0.621721 -2848.52 -3.05465e-110 -0.621721 -0.783239 16962.6
1 -4.09632e-110 -9.06493e-111 5877.49 -2.64481e-110 -0.783239 0.621721 -2964.34 -3.25677e-110 -0.621721 -0.783239 17196.1
1 -3.99149e-110 -6.21988e-111 5937.34 -2.73958e-110 -0.783239 0.621721 -2976.37 -2.96876e-110 -0.621721 -0.783239 17231.6
1 -4.06327e-110 -9.50918e-111 5921.35 -2.59131e-110 -0.783239 0.621721 -3109.98 -3.27102e-110 -0.621721 -0.783239 17307.5
1 -4.15805e-110 -1.4551e-110 5894.91 -2.35208e-110 -0.783239 0.621721 -3290.55 -3.72484e-110 -0.621721 -0.783239 17365.3
1 -4.16512e-110 -1.53447e-110 5957.78 -2.30827e-110 -0.783239 0.621721 -3443.75 -3.7914e-110 -0.621721 -0.783239 17805
1 -4.15024e-110 -1.50122e-110 6010.11 -2.31728e-110 -0.783239 0.621721 -3483.81 -3.7561e-110 -0.621721 -0.783239 18118.1
1 -4.23199e-110 -1.89938e-110 5970.06 -2.13378e-110 -0.783239 0.621721 -3593.12 -4.11878e-110 -0.621721 -0.783239 18085.3
1 -4.27886e-110 -2.13903e-110 6001.49 -2.02149e-110 -0.783239 0.621721 -3716.66 -4.33563e-110 -0.621721 -0.783239 18439.7
1 -4.30419e-110 -2.32292e-110 6024.61 -1.927e-110 -0.783239 0.621721 -3814.36 -4.4954e-110 -0.621721 -0.783239 18662.3
1 -4.23288e-110 -2.11653e-110 6061.57 -1.99946e-110 -0.783239 0.621721 -3710.16 -4.28942e-110 -0.621721 -0.783239 18622.7
1 -4.18258e-110 -2.12794e-110 6163.92 -1.95297e-110 -0.783239 0.621721 -3769.81 -4.26708e-110 -0.621721 -0.783239 19087.1
1 -4.27584e-110 -2.35298e-110 6122.83 -1.88611e-110 -0.783239 0.621721 -3843.29 -4.50132e-110 -0.621721 -0.783239 19232.5
1 -4.30657e-110 -2.61422e-110 6075.75 -1.74776e-110 -0.783239 0.621721 -3855.58 -4.72504e-110 -0.621721 -0.783239 18958
1 -4.33896e-110 -2.67811e-110 6054.37 -1.73341e-110 -0.783239 0.621721 -3888.37 -4.79522e-110 -0.621721 -0.783239 18952.7
1 -4.38903e-110 -3.08249e-110 6089.97 -1.52121e-110 -0.783239 0.621721 -4089.81 -5.14308e-110 -0.621721 -0.783239 19328.6
1 -4.457e-110 -3.53853e-110 6165.14 -1.29092e-110 -0.783239 0.621721 -4287.02 -5.54253e-110 -0.621721 -0.783239 20102.9
1 -4.45272e-110 -3.71237e-110 6204.92 -1.17949e-110 -0.783239 0.621721 -4360.81 -5.67602e-110 -0.621721 -0.783239 20296.6
1 -4.55424e-110 -3.98536e-110 6146.49 -1.08927e-110 -0.783239 0.621721 -4452.08 -5.95296e-110 -0.621721 -0.783239 20390.3
1 -4.49745e-110 -4.32654e-110 6269.25 -8.32672e-111 -0.783239 0.621721 -4574.9 -6.18487e-110 -0.621721 -0.783239 20815.9
1 -4.48169e-110 -4.49714e-110 6341.49 -7.14264e-111 -0.783239 0.621721 -4661.96 -6.3087e-110 -0.621721 -0.783239 21213.6
1 -4.53637e-110 -4.9364e-110 6358.22 -4.83997e-111 -0.783239 0.621721 -4814.37 -6.68674e-110 -0.621721 -0.783239 21532.7
1 -4.42586e-110 -4.87081e-110 6443.09 -4.38221e-111 -0.783239 0.621721 -4793.65 -6.56666e-110 -0.621721 -0.783239 21423.6
1 -4.34889e-110 -4.87942e-110 6553.31 -3.72581e-111 -0.783239 0.621721 -4828.79 -6.52555e-110 -0.621721 -0.783239 21769.7
1 -4.33922e-110 -5.12034e-110 6647.52 -2.15222e-111 -0.783239 0.621721 -4955.17 -6.70823e-110 -0.621721 -0.783239 22410.3
1 -4.36849e-110 -5.34313e-110 6652.61 -9.96302e-112 -0.783239 0.621721 -5039.04 -6.90093e-110 -0.621721 -0.783239 22558.3
1 -4.37322e-110 -5.49232e-110 6670.03 -1.0581e-112 -0.783239 0.621721 -5092.69 -7.02072e-110 -0.621721 -0.783239 22708
1 -4.29818e-110 -5.57197e-110 6739.56 9.77116e-112 -0.783239 0.621721 -5086.6 -7.03645e-110 -0.621721 -0.783239 22591.1
1 -4.23796e-110 -5.75294e-110 6893.76 2.57396e-111 -0.783239 0.621721 -5223.76 -7.14076e-110 -0.621721 -0.783239 23433.8
1 -4.21323e-110 -5.73685e-110 6946.28 2.66758e-111 -0.783239 0.621721 -5233.01 -7.11278e-110 -0.621721 -0.783239 23732
1 -4.14821e-110 -5.75829e-110 7021.61 3.31014e-111 -0.783239 0.621721 -5200.06 -7.08914e-110 -0.621721 -0.783239 23774.8
1 -4.07792e-110 -5.77972e-110 7108.73 3.9939e-111 -0.783239 0.621721 -5196.81 -7.06224e-110 -0.621721 -0.783239 23923.9
1 -3.99231e-110 -5.96034e-110 7265.7 5.78739e-111 -0.783239 0.621721 -5305.8 -7.15048e-110 -0.621721 -0.783239 24554.8
1 -3.77142e-110 -6.28114e-110 7521.19 9.51194e-111 -0.783239 0.621721 -5334.26 -7.26441e-110 -0.621721 -0.783239 24569.4
1 -3.72785e-110 -6.48577e-110 7621.45 1.11254e-110 -0.783239 0.621721 -5459.32 -7.39759e-110 -0.621721 -0.783239 25157.1
1 -3.65993e-110 -6.6627e-110 7723.23 1.27575e-110 -0.783239 0.621721 -5533.9 -7.49394e-110 -0.621721 -0.783239 25420.7
1 -3.37832e-110 -7.0377e-110 8107.94 1.72946e-110 -0.783239 0.621721 -5697.16 -7.61257e-110 -0.621721 -0.783239 26136.6
1 -3.30863e-110 -7.04864e-110 8213.41 1.79084e-110 -0.783239 0.621721 -5797.01 -7.57782e-110 -0.621721 -0.783239 26751.7
1 -3.06129e-110 -7.1965e-110 8521.34 2.0765e-110 -0.783239 0.621721 -5869.87 -7.53985e-110 -0.621721 -0.783239 27134.9
1 -2.89785e-110 -7.22332e-110 8726.76 2.22119e-110 -0.783239 0.621721 -5895.59 -7.45923e-110 -0.621721 -0.783239 27580.6
1 -2.90445e-110 -7.39815e-110 8734.33 2.32471e-110 -0.783239 0.621721 -5984.23 -7.60027e-110 -0.621721 -0.783239 27755.1
1 -2.64716e-110 -7.62454e-110 9056.3 2.66698e-110 -0.783239 0.621721 -6081.63 -7.61763e-110 -0.621721 -0.783239 28184.5
1 -2.58627e-110 -7.49839e-110 9127.06 2.63624e-110 -0.783239 0.621721 -6168.49 -7.48097e-110 -0.621721 -0.783239 28695.7
1 -2.58074e-110 -7.642e-110 9123.44 2.72986e-110 -0.783239 0.621721 -6278.51 -7.59001e-110 -0.621721 -0.783239 28266.7
1 -2.36057e-110 -7.72645e-110 9388.03 2.95481e-110 -0.783239 0.621721 -6245.08 -7.51926e-110 -0.621721 -0.783239 28126.7
1 -2.14871e-110 -7.84964e-110 9641.18 3.19734e-110 -0.783239 0.621721 -6218.55 -7.48404e-110 -0.621721 -0.783239 27846.9
1 -2.11169e-110 -7.96093e-110 9690.01 3.29552e-110 -0.783239 0.621721 -6280.88 -7.54819e-110 -0.621721 -0.783239 28201.1
1 -2.07169e-110 -8.04318e-110 9712.81 3.37799e-110 -0.783239 0.621721 -6650.4 -7.58774e-110 -0.621721 -0.783239 28902.1
1 -2.03283e-110 -8.13027e-110 9757.96 3.46257e-110 -0.783239 0.621721 -6685.31 -7.63179e-110 -0.621721 -0.783239 28558.5
1 -1.91496e-110 -8.31615e-110 9914.27 3.67046e-110 -0.783239 0.621721 -6675.83 -7.7041e-110 -0.621721 -0.783239 28393.2
1 -1.94662e-110 -8.55415e-110 9881.21 3.79362e-110 -0.783239 0.621721 -6834.49 -7.91019e-110 -0.621721 -0.783239 28603.1
1 -1.88882e-110 -8.77263e-110 9952.41 3.97474e-110 -0.783239 0.621721 -6950.69 -8.04539e-110 -0.621721 -0.783239 29105.6
1 -1.79211e-110 -8.91727e-110 10072.9 4.14041e-110 -0.783239 0.621721 -7001.4 -8.09854e-110 -0.621721 -0.783239 28900.6
1 -1.63125e-110 -9.15815e-110 10261.3 4.41616e-110 -0.783239 0.621721 -7191.96 -8.1872e-110 -0.621721 -0.783239 29536.5
1 -1.49255e-110 -9.23868e-110 10413.1 4.57486e-110 -0.783239 0.621721 -7305.34 -8.16404e-110 -0.621721 -0.783239 29857.2
1 -1.31424e-110 -9.28997e-110 10611.1 4.74641e-110 -0.783239 0.621721 -7449.22 -8.09335e-110 -0.621721 -0.783239 30090.4
1 -1.20001e-110 -9.39758e-110 10714.6 4.90278e-110 -0.783239 0.621721 -7672.69 -8.10661e-110 -0.621721 -0.783239 30521.6
1 -1.12436e-110 -9.56495e-110 10799.9 5.06609e-110 -0.783239 0.621721 -7808.88 -8.19068e-110 -0.621721 -0.783239 30504.3
1 -1.06509e-110 -9.58002e-110 10883 5.12189e-110 -0.783239 0.621721 -7812.16 -8.16563e-110 -0.621721 -0.783239 30259.7
1 -1.05076e-110 -9.71548e-110 10921.5 5.21732e-110 -0.783239 0.621721 -7857.89 -8.26282e-110 -0.621721 -0.783239 29934.3
1 -1.08437e-110 -9.86222e-110 10793.5 5.28223e-110 -0.783239 0.621721 -8164.87 -8.39864e-110 -0.621721 -0.783239 31215.9
1 -1.03197e-110 -9.88216e-110 10833.1 5.33567e-110 -0.783239 0.621721 -8219.24 -8.38169e-110 -0.621721 -0.783239 31698.1
1 -9.77842e-111 -9.93265e-110 10884.6 5.40945e-110 -0.783239 0.621721 -8288.3 -8.38758e-110 -0.621721 -0.783239 31987
1 -8.21177e-111 -1.00129e-109 11043.7 5.58207e-110 -0.783239 0.621721 -8374.9 -8.35305e-110 -0.621721 -0.783239 32557.4
1 -7.25348e-111 -1.00594e-109 11164.2 5.68604e-110 -0.783239 0.621721 -8397.33 -8.3299e-110 -0.621721 -0.783239 32693.6
1 -6.59224e-111 -1.00985e-109 11229.8 5.76211e-110 -0.783239 0.621721 -8456.4 -8.31937e-110 -0.621721 -0.783239 33003.3
1 -5.82582e-111 -1.01543e-109 11309.3 5.85685e-110 -0.783239 0.621721 -8536.3 -8.31546e-110 -0.621721 -0.783239 33285
1 -5.40309e-111 -1.03114e-109 11308.8 5.98765e-110 -0.783239 0.621721 -8817.89 -8.41224e-110 -0.621721 -0.783239 33802.2
1 -5.33077e-111 -1.03587e-109 11275.7 6.02267e-110 -0.783239 0.621721 -8919.84 -8.44473e-110 -0.621721 -0.783239 34239.4
1 -4.40325e-111 -1.04087e-109 11386.7 6.12644e-110 -0.783239 0.621721 -8948.46 -8.42627e-110 -0.621721 -0.783239 34535.8
1 -3.98357e-111 -1.04693e-109 11461.4 6.19699e-110 -0.783239 0.621721 -8939.21 -8.44764e-110 -0.621721 -0.783239 34369.4
1 -4.03304e-111 -1.05011e-109 11436.3 6.21285e-110 -0.783239 0.621721 -8978.1 -8.47558e-110 -0.621721 -0.783239 34495.8
1 -2.79202e-111 -1.05279e-109 11638.5 6.32671e-110 -0.783239 0.621721 -8963.43 -8.41941e-110 -0.621721 -0.783239 34268
1 -1.77528e-111 -1.06177e-109 11813.7 6.46221e-110 -0.783239 0.621721 -9020.35 -8.42657e-110 -0.621721 -0.783239 33875.8
1 -1.18726e-111 -1.07558e-109 11770.1 6.59414e-110 -0.783239 0.621721 -9378.74 -8.4982e-110 -0.621721 -0.783239 34831.1
1 -5.11046e-112 -1.08477e-109 11790.6 6.70423e-110 -0.783239 0.621721 -9561.2 -8.52812e-110 -0.621721 -0.783239 35465.4
1 -3.5112e-112 -1.0989e-109 11780.3 6.80457e-110 -0.783239 0.621721 -9664.41 -8.62881e-110 -0.621721 -0.783239 35794.5
1 -1.12728e-111 -1.0949e-109 11599 6.71894e-110 -0.783239 0.621721 -9777.84 -8.64578e-110 -0.621721 -0.783239 36321.1
1 -1.0548e-111 -1.10331e-109 11589.2 6.77693e-110 -0.783239 0.621721 -9873.36 -8.70717e-110 -0.621721 -0.783239 36476
1 -1.36788e-111 -1.11316e-109 11502.8 6.81364e-110 -0.783239 0.621721 -10007.4 -8.80377e-110 -0.621721 -0.783239 36778
1 -1.75229e-111 -1.12357e-109 11397.7 6.84822e-110 -0.783239 0.621721 -10150.1 -8.90917e-110 -0.621721 -0.783239 37152.7
1 -2.17058e-111 -1.13175e-109 11284.9 6.86631e-110 -0.783239 0.621721 -10294.7 -8.99923e-110 -0.621721 -0.783239 37517
1 -2.47982e-111 -1.13971e-109 11179.9 6.89161e-110 -0.783239 0.621721 -10463.1 -9.08085e-110 -0.621721 -0.783239 37920.3
1 -3.94531e-111 -1.14333e-109 10945.9 6.79929e-110 -0.783239 0.621721 -10541.6 -9.20026e-110 -0.621721 -0.783239 37908.1
1 -4.48351e-111 -1.15849e-109 10800.6 6.85143e-110 -0.783239 0.621721 -10789.1 -9.35251e-110 -0.621721 -0.783239 38279.3
1 -5.15964e-111 -1.16149e-109 10632.1 6.81712e-110 -0.783239 0.621721 -10915.3 -9.41804e-110 -0.621721 -0.783239 38778.8
1 -4.99756e-111 -1.15911e-109 10607.4 6.81498e-110 -0.783239 0.621721 -11070.2 -9.38928e-110 -0.621721 -0.783239 39066.9
1 -5.00747e-111 -1.16145e-109 10552 6.82877e-110 -0.783239 0.621721 -11229 -9.40824e-110 -0.621721 -0.783239 39394.1
1 -5.35689e-111 -1.16612e-109 10383.1 6.83042e-110 -0.783239 0.621721 -11527.5 -9.46653e-110 -0.621721 -0.783239 40116.6
1 -5.03887e-111 -1.16762e-109 10419.6 6.86466e-110 -0.783239 0.621721 -11593.2 -9.4585e-110 -0.621721 -0.783239 40211.2
1 -4.80743e-111 -1.17141e-109 10401.3 6.9064e-110 -0.783239 0.621721 -11696.3 -9.47386e-110 -0.621721 -0.783239 40654.6
1 -4.58327e-111 -1.17206e-109 10460.3 6.92799e-110 -0.783239 0.621721 -11725.3 -9.46501e-110 -0.621721 -0.783239 40406.7
1 -4.90484e-111 -1.17036e-109 10337.3 6.89221e-110 -0.783239 0.621721 -11893.5 -9.47166e-110 -0.621721 -0.783239 40896.9
1 -4.94041e-111 -1.17136e-109 10276.8 6.89567e-110 -0.783239 0.621721 -12098 -9.48174e-110 -0.621721 -0.783239 41140.9
1 -5.40776e-111 -1.17618e-109 10056.4 6.88902e-110 -0.783239 0.621721 -12394.7 -9.54853e-110 -0.621721 -0.783239 42201.4
1 -5.96426e-111 -1.17769e-109 9864.39 6.85481e-110 -0.783239 0.621721 -12543.2 -9.59495e-110 -0.621721 -0.783239 42925.9
1 -6.32646e-111 -1.18433e-109 9798.04 6.86774e-110 -0.783239 0.621721 -12594.8 -9.66949e-110 -0.621721 -0.783239 42915.8
1 -6.32777e-111 -1.188e-109 9652.12 6.89043e-110 -0.783239 0.621721 -12873.1 -9.69828e-110 -0.621721 -0.783239 44032.4
1 -6.04192e-111 -1.1908e-109 9601.64 6.93022e-110 -0.783239 0.621721 -13132.5 -9.70243e-110 -0.621721 -0.783239 44688.2
1 -5.9516e-111 -1.20014e-109 9525.37 6.99539e-110 -0.783239 0.621721 -13427.4 -9.77e-110 -0.621721 -0.783239 45129.3
1 -6.04811e-111 -1.20499e-109 9482.87 7.01797e-110 -0.783239 0.621721 -13501.1 -9.81397e-110 -0.621721 -0.783239 45358.4
1 -6.41495e-111 -1.22584e-109 9391.4 7.11887e-110 -0.783239 0.621721 -13668.7 -1.00001e-109 -0.621721 -0.783239 45474.2
1 -6.62262e-111 -1.24873e-109 9315.31 7.24493e-110 -0.783239 0.621721 -13877.6 -1.01923e-109 -0.621721 -0.783239 45623.3
1 -6.68078e-111 -1.26194e-109 9281.2 7.32247e-110 -0.783239 0.621721 -14025.6 -1.02993e-109 -0.621721 -0.783239 45710.4
1 -6.67317e-111 -1.28169e-109 9208.9 7.44584e-110 -0.783239 0.621721 -14309.8 -1.04535e-109 -0.621721 -0.783239 45988.2
1 -6.7377e-111 -1.31125e-109 9134.54 7.62461e-110 -0.783239 0.621721 -14601.8 -1.06891e-109 -0.621721 -0.783239 46257.7
1 -6.24221e-111 -1.30963e-109 9139.63 7.65331e-110 -0.783239 0.621721 -14680.9 -1.06456e-109 -0.621721 -0.783239 46977.3
1 -5.88272e-111 -1.33324e-109 9198.94 7.82825e-110 -0.783239 0.621721 -14910.1 -1.08082e-109 -0.621721 -0.783239 46854.7
1 -6.04848e-111 -1.34494e-109 9172.9 7.88803e-110 -0.783239 0.621721 -15050.6 -1.09101e-109 -0.621721 -0.783239 46616.8
