1.000000000 0.000000000 0.000000000 0.000000000 0.000000000 1.000000000 0.000000000 0.000000000 0.000000000 0.000000000 1.000000000 0.000000000
1.000000000 -0.000124456 0.000069236 -0.012077919 0.000124357 0.999998987 0.001430339 -0.013352982 -0.000069414 -0.001430330 0.999998987 1.318478942
0.999998510 -0.001611618 -0.000585558 -0.012109979 0.001612679 0.999997079 0.001814672 -0.039871376 0.000582632 -0.001815614 0.999998152 2.617357016
0.999995589 -0.002890315 -0.000640580 -0.014916996 0.002890867 0.999995410 0.000862063 -0.056835618 0.000638086 -0.000863911 0.999999404 3.929191828
0.999994874 -0.003128968 -0.000652743 -0.022411952 0.003129631 0.999994516 0.001015989 -0.076901853 0.000649561 -0.001018027 0.999999285 5.254374027
0.999992847 -0.003739967 -0.000608684 -0.024260225 0.003741138 0.999991059 0.001932848 -0.100332782 0.000601450 -0.001935111 0.999997973 6.576375008
0.999986529 -0.005188933 -0.000364211 -0.034079790 0.005189992 0.999982059 0.002971750 -0.115337819 0.000348785 -0.002973600 0.999995589 7.889407635
0.999988735 -0.004719964 -0.000436170 -0.041271884 0.004721512 0.999982297 0.003619903 -0.135947675 0.000419077 -0.003621923 0.999993324 9.235288620
0.999992967 -0.003692140 -0.000593105 -0.048378766 0.003693153 0.999991715 0.001716171 -0.152278185 0.000586763 -0.001718349 0.999998331 10.588023186
0.999998748 -0.001249583 -0.000942949 -0.056008499 0.001249382 0.999999225 -0.000214275 -0.176133439 0.000943216 0.000213097 0.999999523 11.918416977
0.999996841 0.002449451 -0.000596107 -0.074670672 -0.002450034 0.999996543 -0.000979665 -0.200114101 0.000593705 0.000981122 0.999999344 13.253398895
0.999989569 0.004551854 -0.000411785 -0.092811204 -0.004552333 0.999988973 -0.001169100 -0.219586343 0.000406458 0.001170962 0.999999225 14.600070953
0.999982893 0.005830974 -0.000456878 -0.098345809 -0.005831161 0.999982953 -0.000408745 -0.238304213 0.000454487 0.000411402 0.999999821 15.951669693
0.999994993 0.003124180 0.000301080 -0.111884028 -0.003124900 0.999992192 0.002415761 -0.262071669 -0.000293531 -0.002416689 0.999996960 17.307674408
0.999999046 -0.001315672 0.000304933 -0.111893028 0.001314343 0.999989867 0.004318015 -0.283089072 -0.000310611 -0.004317610 0.999990582 18.657648087
0.999993563 -0.003587571 0.000080553 -0.116079211 0.003587397 0.999991417 0.002074211 -0.298146963 -0.000087993 -0.002073909 0.999997795 20.016551971
0.999988973 -0.004700900 0.000147763 -0.125785053 0.004700860 0.999989033 0.000272239 -0.317686290 -0.000149041 -0.000271542 1.000000000 21.366004944
0.999997079 -0.001953928 0.001415724 -0.147579834 0.001956016 0.999997079 -0.001474272 -0.336244524 -0.001412839 0.001477037 0.999997914 22.714874268
0.999998331 0.000796751 0.001657508 -0.142661676 -0.000797787 0.999999464 0.000624319 -0.363894254 -0.001657009 -0.000625640 0.999998450 24.102493286
0.999998093 0.000961400 0.001714891 -0.139808297 -0.000968425 0.999991179 0.004100620 -0.381833851 -0.001710933 -0.004102273 0.999990165 25.477233887
0.999995887 -0.001236677 0.002602435 -0.147325948 0.001220463 0.999979854 0.006222573 -0.394722164 -0.002610078 -0.006219371 0.999977291 26.850698471
0.999981165 -0.005780857 0.002045813 -0.142020509 0.005771564 0.999973118 0.004519312 -0.416234642 -0.002071883 -0.004507420 0.999987721 28.241107941
0.999980092 -0.005978815 0.002007316 -0.143835321 0.005974662 0.999980032 0.002068612 -0.428488463 -0.002019644 -0.002056577 0.999995887 29.610132217
0.999976993 -0.006086113 0.003030923 -0.152452096 0.006088193 0.999981225 -0.000677319 -0.447099179 -0.003026744 0.000695756 0.999995112 30.986900330
0.999989271 -0.002779657 0.003709556 -0.163548574 0.002783490 0.999995589 -0.001028472 -0.472770393 -0.003706681 0.001038788 0.999992669 32.365879059
0.999990761 -0.001531608 0.004045366 -0.170811400 0.001546133 0.999992311 -0.003589761 -0.494496673 -0.004039838 0.003595981 0.999985337 33.725528717
0.999991894 -0.000876864 0.003946307 -0.165553704 0.000888969 0.999994934 -0.003066809 -0.518905282 -0.003943598 0.003070292 0.999987483 35.113666534
0.999992490 -0.000354488 0.003862678 -0.177990869 0.000362244 0.999997914 -0.002007470 -0.538762748 -0.003861959 0.002008855 0.999990523 36.500549316
0.999993920 0.000268763 0.003482764 -0.185295850 -0.000268442 0.999999940 -0.000092789 -0.569650471 -0.003482789 0.000091853 0.999993920 37.892471313
0.999986529 0.003599604 0.003732815 -0.193102732 -0.003600822 0.999993443 0.000319641 -0.593843162 -0.003731640 -0.000333078 0.999992967 39.277626038
0.999967813 0.006794423 0.004282715 -0.210324913 -0.006793389 0.999976873 -0.000256029 -0.611162007 -0.004284356 0.000226926 0.999990821 40.672950745
0.999959052 0.008155748 0.003919840 -0.208178475 -0.008156843 0.999966621 0.000263023 -0.635160029 -0.003917564 -0.000294985 0.999992311 42.078475952
0.999955893 0.008775514 0.003312482 -0.205860391 -0.008777178 0.999961376 0.000488206 -0.658844829 -0.003308070 -0.000517258 0.999994338 43.477535248
0.999963224 0.007883330 0.003361199 -0.219982862 -0.007885027 0.999968767 0.000492376 -0.687166393 -0.003357213 -0.000518861 0.999994218 44.890724182
0.999972582 0.006927705 0.002610476 -0.222527921 -0.006927759 0.999976039 0.000011821 -0.707315862 -0.002610331 -0.000029905 0.999996543 46.293613434
0.999977469 0.006467269 0.001848261 -0.227107540 -0.006467893 0.999979019 0.000331971 -0.731115282 -0.001846075 -0.000343918 0.999998152 47.706359863
0.999975741 0.006934986 0.000706884 -0.231750816 -0.006936007 0.999974906 0.001451629 -0.751401484 -0.000696800 -0.001456497 0.999998629 49.128002167
0.999974847 0.007085773 -0.000268849 -0.244066060 -0.007085434 0.999974072 0.001243764 -0.774485588 0.000277655 -0.001241828 0.999999106 50.538475037
0.999972939 0.007209061 -0.001457989 -0.257403433 -0.007206958 0.999972939 0.001443144 -0.790003061 0.001468354 -0.001432597 0.999997854 51.946575165
0.999971569 0.007088697 -0.002563966 -0.273842484 -0.007081386 0.999970853 0.002849298 -0.816216350 0.002584088 -0.002831060 0.999992609 53.355854034
0.999977469 0.006021034 -0.002959181 -0.286945403 -0.006010365 0.999975443 0.003601270 -0.832320392 0.002980791 -0.003583403 0.999989152 54.790115356
0.999986172 0.003904780 -0.003517111 -0.293613255 -0.003890993 0.999984741 0.003918387 -0.855461717 0.003532358 -0.003904648 0.999986112 56.246425629
0.999991715 0.001388255 -0.003810595 -0.312364519 -0.001376227 0.999994040 0.003157283 -0.872460723 0.003814955 -0.003152012 0.999987781 57.655284882
0.999989867 -0.000139136 -0.004492578 -0.317283392 0.000156375 0.999992549 0.003837022 -0.896196783 0.004492011 -0.003837685 0.999982536 59.082160950
0.999992371 -0.001456373 -0.003619533 -0.332431793 0.001471878 0.999989748 0.004284753 -0.914907992 0.003613255 -0.004290048 0.999984205 60.507991791
0.999992728 -0.002557128 -0.002816452 -0.343181342 0.002571234 0.999984205 0.005016072 -0.932011425 0.002803581 -0.005023278 0.999983430 61.940479279
0.999989331 -0.003987335 -0.002322095 -0.360868126 0.003998410 0.999980569 0.004784857 -0.959343314 0.002302971 -0.004794091 0.999985874 63.346992493
0.999985635 -0.005014173 -0.001849091 -0.372191966 0.005020742 0.999981046 0.003565687 -0.971741796 0.001831176 -0.003574920 0.999991953 64.759994507
0.999984860 -0.005272359 -0.001531600 -0.370308727 0.005278020 0.999979079 0.003715626 -0.998016000 0.001511977 -0.003723654 0.999991894 66.186347961
0.999990702 -0.004283329 -0.000267929 -0.380906165 0.004284285 0.999984086 0.003679700 -1.016195178 0.000252163 -0.003680814 0.999993205 67.619186401
0.999999642 -0.000817790 -0.000030554 -0.394372225 0.000817922 0.999988973 0.004619990 -1.033335924 0.000026776 -0.004620013 0.999989331 69.015464783
0.999995530 0.002838328 0.000830456 -0.410346091 -0.002842961 0.999980092 0.005631805 -1.051171064 -0.000814454 -0.005634142 0.999983788 70.409637451
0.999978125 0.006441473 0.001448893 -0.415898144 -0.006450663 0.999958515 0.006431145 -1.073268414 -0.001407407 -0.006440351 0.999978185 71.844223022
0.999944985 0.010271624 0.002077045 -0.432544291 -0.010283775 0.999929607 0.005926275 -1.088755965 -0.002016026 -0.005947310 0.999980330 73.228172302
0.999900579 0.013792572 0.002934104 -0.446598828 -0.013808633 0.999889374 0.005526221 -1.113029599 -0.002857559 -0.005566187 0.999980450 74.642852783
0.999872208 0.015517389 0.003837526 -0.455074131 -0.015538371 0.999864161 0.005500630 -1.132009625 -0.003751650 -0.005559557 0.999977529 76.034759521
0.999874294 0.015307769 0.004135374 -0.462231815 -0.015331983 0.999865055 0.005888524 -1.146720052 -0.004044675 -0.005951188 0.999974072 77.444358826
0.999875486 0.015280787 0.003951834 -0.464407295 -0.015301982 0.999868393 0.005390394 -1.162503362 -0.003868944 -0.005450192 0.999977708 78.836112976
0.999905288 0.013090619 0.004245446 -0.466953635 -0.013110165 0.999903440 0.004609327 -1.186462522 -0.004184697 -0.004664548 0.999980330 80.209922791
0.999915838 0.012397232 0.003851120 -0.471327782 -0.012415654 0.999911427 0.004796863 -1.204892755 -0.003791311 -0.004844273 0.999981105 81.596420288
0.999919534 0.012208454 0.003481712 -0.468280107 -0.012225313 0.999913454 0.004862521 -1.222494006 -0.003422047 -0.004904693 0.999982059 82.994857788
0.999929190 0.011584605 0.002696312 -0.466397315 -0.011596112 0.999923527 0.004291780 -1.239173651 -0.002646388 -0.004322744 0.999987125 84.370666504
0.999928415 0.011784524 0.002055297 -0.483867764 -0.011794092 0.999919355 0.004706846 -1.255315065 -0.001999663 -0.004730749 0.999986768 85.745498657
0.999935687 0.011241138 0.001490681 -0.480380684 -0.011249288 0.999921083 0.005576624 -1.277863026 -0.001427876 -0.005593035 0.999983311 87.076637268
0.999957561 0.009203225 0.000165075 -0.489740103 -0.009204110 0.999936163 0.006552806 -1.299887538 -0.000104758 -0.006554048 0.999978542 88.507400513
0.999974251 0.007131825 -0.000741190 -0.503762543 -0.007126437 0.999949872 0.007033090 -1.310744762 0.000791311 -0.007027627 0.999974966 89.875762939
0.999986470 0.004856426 -0.001861021 -0.509258807 -0.004842672 0.999961436 0.007325677 -1.338677168 0.001896526 -0.007316566 0.999971449 91.211471558
0.999989986 0.003969529 -0.002051585 -0.525689244 -0.003956217 0.999971271 0.006452601 -1.349354267 0.002077140 -0.006444419 0.999977112 92.602432251
0.999993086 0.002830379 -0.002402854 -0.530033290 -0.002815471 0.999976933 0.006185269 -1.370613217 0.002420305 -0.006178460 0.999978006 93.912773132
0.999991357 0.002901446 -0.002989681 -0.536707520 -0.002885496 0.999981642 0.005325550 -1.382445216 0.003005078 -0.005316877 0.999981403 95.292228699
0.999993563 0.002764475 -0.002275512 -0.557181299 -0.002752807 0.999983132 0.005115308 -1.405305624 0.002289615 -0.005109011 0.999984264 96.647468567
0.999989629 0.003775739 -0.002541085 -0.567875981 -0.003763593 0.999981523 0.004767825 -1.429186225 0.002559040 -0.004758210 0.999985397 97.982337952
0.999985516 0.005087115 -0.001764577 -0.591383100 -0.005078798 0.999976039 0.004686107 -1.442077518 0.001788374 -0.004677078 0.999987483 99.320449829
0.999980509 0.006218593 -0.000621465 -0.617138147 -0.006214560 0.999960899 0.006292140 -1.459683180 0.000660568 -0.006288155 0.999980092 100.653320312
0.999975324 0.006901741 -0.001259430 -0.617199659 -0.006892161 0.999948561 0.007456687 -1.478428721 0.001310829 -0.007447824 0.999971390 101.990776062
0.999978900 0.006462836 -0.000738712 -0.633592844 -0.006458162 0.999960124 0.006162995 -1.492194295 0.000778513 -0.006158094 0.999980748 103.330833435
0.999979377 0.006346496 -0.000956700 -0.641517162 -0.006342781 0.999972522 0.003838134 -1.514624000 0.000981032 -0.003831987 0.999992192 104.631805420
0.999982357 0.005785823 -0.001340672 -0.646562457 -0.005782315 0.999979973 0.002605694 -1.529920459 0.001355721 -0.002597895 0.999995708 105.975494385
0.999994636 0.003158624 -0.000850189 -0.657843471 -0.003155129 0.999986708 0.004080875 -1.556084514 0.000863068 -0.004078171 0.999991298 107.296936035
0.999999762 0.000573103 -0.000134286 -0.663775444 -0.000572312 0.999982953 0.005814226 -1.569535971 0.000137616 -0.005814149 0.999983132 108.644371033
0.999999702 -0.000566273 0.000554930 -0.666300952 0.000562663 0.999978840 0.006483783 -1.585807085 -0.000558590 -0.006483468 0.999978840 109.975021362
0.999998271 -0.001205693 0.001384877 -0.671149313 0.001198859 0.999987185 0.004924473 -1.598993421 -0.001390797 -0.004922804 0.999986947 111.290321350
0.999997675 0.000110249 0.002148897 -0.679670453 -0.000116555 0.999995649 0.002934515 -1.626468658 -0.002148564 -0.002934759 0.999993324 112.626045227
0.999990761 0.002349384 0.003610054 -0.687508762 -0.002352358 0.999996901 0.000819775 -1.646607161 -0.003608117 -0.000828260 0.999993086 113.960540771
0.999972641 0.005637493 0.004784423 -0.694613755 -0.005641961 0.999983668 0.000921045 -1.667970538 -0.004779153 -0.000948014 0.999988139 115.278320312
0.999960363 0.006355006 0.006239752 -0.694571614 -0.006374922 0.999974668 0.003176874 -1.692174554 -0.006219405 -0.003216526 0.999975443 116.624626160
0.999946892 0.006972184 0.007580839 -0.699407518 -0.007009585 0.999963343 0.004918168 -1.706498623 -0.007546270 -0.004971046 0.999959171 117.956146240
0.999938905 0.006255748 0.009098072 -0.700887263 -0.006305931 0.999964952 0.005497623 -1.721842885 -0.009063361 -0.005554660 0.999943495 119.291893005
0.999932408 0.006705513 0.009498863 -0.691457510 -0.006751711 0.999965429 0.004839839 -1.734659672 -0.009466082 -0.004903646 0.999943197 120.641883850
0.999901116 0.008495016 0.011203842 -0.682887793 -0.008545407 0.999953508 0.004457540 -1.754005194 -0.011165454 -0.004552842 0.999927282 121.978561401
0.999867976 0.010576013 0.012347133 -0.688403249 -0.010626479 0.999935448 0.004028711 -1.767227054 -0.012303730 -0.004159385 0.999915659 123.344345093
0.999849141 0.010770115 0.013627881 -0.678706527 -0.010812456 0.999936879 0.003037145 -1.783104539 -0.013594311 -0.003184038 0.999902546 124.680511475
0.999816120 0.012583216 0.014471351 -0.671988130 -0.012616009 0.999918044 0.002176937 -1.805801511 -0.014442774 -0.002359108 0.999892890 126.040603638
0.999809325 0.011701983 0.015637454 -0.661852181 -0.011730106 0.999929726 0.001707836 -1.815802336 -0.015616370 -0.001890939 0.999876261 127.393486023
0.999807417 0.010980133 0.016260223 -0.643851638 -0.011035955 0.999933481 0.003347296 -1.847566485 -0.016222382 -0.003526099 0.999862194 128.761581421
0.999793649 0.010358504 0.017477030 -0.635870397 -0.010431401 0.999937236 0.004084946 -1.863807201 -0.017433619 -0.004266412 0.999838889 130.076416016
0.999799013 0.009041137 0.017891858 -0.622752905 -0.009122453 0.999948323 0.004468542 -1.881239653 -0.017850529 -0.004630862 0.999829948 131.471160889
0.999815762 0.007043336 0.017849531 -0.597560048 -0.007122390 0.999965072 0.004369298 -1.895572543 -0.017818132 -0.004495625 0.999831140 132.820999146
0.999828637 0.005483258 0.017681723 -0.584435463 -0.005575547 0.999971092 0.005174432 -1.917358875 -0.017652841 -0.005272131 0.999830246 134.175170898
0.999849856 0.004148641 0.016825886 -0.568233311 -0.004228442 0.999979913 0.004710069 -1.930090904 -0.016806010 -0.004780510 0.999847353 135.532196045
0.999868214 0.002722791 0.016003288 -0.556731224 -0.002800945 0.999984264 0.004863213 -1.950584769 -0.015989792 -0.004907396 0.999860108 136.863693237
0.999880493 0.001827337 0.015352549 -0.547414005 -0.001913920 0.999982357 0.005626868 -1.963168144 -0.015341997 -0.005655579 0.999866307 138.217697144
0.999901175 -0.000260656 0.014049716 -0.530678153 0.000177140 0.999982238 0.005945209 -1.984365582 -0.014051017 -0.005942134 0.999883652 139.559173584
0.999921978 -0.000625276 0.012476353 -0.514535606 0.000550083 0.999981701 0.006029311 -2.002272844 -0.012479894 -0.006021977 0.999904037 140.905624390
0.999930978 -0.000963814 0.011709199 -0.512512147 0.000902173 0.999985695 0.005268512 -2.015439987 -0.011714112 -0.005257584 0.999917567 142.231552124
0.999942660 -0.001427750 0.010603298 -0.508638501 0.001373199 0.999985695 0.005150217 -2.035788298 -0.010610500 -0.005135362 0.999930620 143.566650391
0.999944806 -0.003445559 0.009937461 -0.499871731 0.003419699 0.999990702 0.002618184 -2.052179098 -0.009946389 -0.002584057 0.999947190 144.916625977
0.999917448 -0.008787869 0.009376141 -0.495200992 0.008767233 0.999958992 0.002239708 -2.071312666 -0.009395440 -0.002157320 0.999953508 146.259735107
0.999830902 -0.016525919 0.008057660 -0.478133082 0.016488859 0.999853253 0.004644318 -2.093917608 -0.008133229 -0.004510671 0.999956727 147.609466553
0.999703348 -0.023436917 0.006623981 -0.464008719 0.023394935 0.999706209 0.006345655 -2.112040043 -0.006770756 -0.006188805 0.999957919 148.944778442
0.999620795 -0.027022442 0.005294638 -0.442020535 0.027008593 0.999631643 0.002669849 -2.124727249 -0.005364832 -0.002525836 0.999982357 150.301498413
0.999637187 -0.026236054 0.006088970 -0.461758196 0.026239024 0.999655604 -0.000407966 -2.148347855 -0.006076170 0.000567586 0.999981344 151.619720459
0.999713540 -0.022826392 0.007197873 -0.467381924 0.022840749 0.999737203 -0.001918387 -2.179206133 -0.007152192 0.002082242 0.999972224 152.946975708
0.999712348 -0.022685396 0.007779611 -0.464313865 0.022704009 0.999739528 -0.002312449 -2.199939728 -0.007725126 0.002488413 0.999966979 154.293441772
0.999635637 -0.025755398 0.008079464 -0.459910631 0.025748543 0.999667943 0.000950924 -2.221836805 -0.008101272 -0.000742542 0.999966800 155.626586914
0.999457002 -0.031763453 0.008763467 -0.443136394 0.031727441 0.999487638 0.004218013 -2.251518250 -0.008892954 -0.003937681 0.999952734 156.985717773
0.999334395 -0.035365440 0.008955793 -0.434463710 0.035314910 0.999359846 0.005738238 -2.268169403 -0.009152994 -0.005418146 0.999943435 158.320755005
0.999285936 -0.036749639 0.008772064 -0.418680251 0.036704514 0.999312341 0.005251340 -2.282335281 -0.008959017 -0.004925615 0.999947667 159.672836304
0.999337137 -0.034950022 0.010189084 -0.421377718 0.034889963 0.999373078 0.006013849 -2.298147917 -0.010392879 -0.005654364 0.999929965 161.008850098
0.999460161 -0.030862756 0.011271407 -0.415179402 0.030808140 0.999512792 0.004988263 -2.313609123 -0.011419868 -0.004638319 0.999923944 162.362548828
0.999545097 -0.027547160 0.012280548 -0.419147909 0.027510172 0.999616504 0.003170695 -2.334420443 -0.012363182 -0.002831413 0.999919593 163.681076050
0.999593258 -0.025110852 0.013521705 -0.413536519 0.025076978 0.999682009 0.002668655 -2.351558447 -0.013584418 -0.002328486 0.999905050 165.030731201
0.999653816 -0.022300458 0.013962353 -0.413423866 0.022248935 0.999745071 0.003835028 -2.371519327 -0.014044316 -0.003523052 0.999895155 166.372695923
0.999682188 -0.021241674 0.013582251 -0.393599898 0.021193914 0.999768734 0.003650486 -2.393179893 -0.013656653 -0.003361464 0.999901116 167.749938965
0.999744058 -0.018305367 0.013294015 -0.388666540 0.018295903 0.999832213 0.000833071 -2.406156063 -0.013307035 -0.000589631 0.999911249 169.101577759
0.999816477 -0.014338513 0.012705303 -0.378484547 0.014362171 0.999895215 -0.001772631 -2.431596041 -0.012678556 0.001954782 0.999917686 170.449249268
0.999873161 -0.009102398 0.013064872 -0.381416976 0.009144174 0.999953270 -0.003141354 -2.453859091 -0.013035666 0.003260423 0.999909699 171.825515747
0.999898970 -0.004540097 0.013469602 -0.379309595 0.004566633 0.999987602 -0.001939872 -2.478630066 -0.013460629 0.002001187 0.999907374 173.198577881
0.999900222 -0.001677834 0.014025376 -0.371289551 0.001677492 0.999998569 0.000036141 -2.502025127 -0.014025417 -0.000012610 0.999901652 174.571655273
0.999899924 -0.000315935 0.014141814 -0.367866725 0.000282372 0.999997020 0.002375355 -2.522981644 -0.014142524 -0.002371124 0.999897182 175.947708130
0.999902606 -0.004390217 0.013248856 -0.350475013 0.004345227 0.999984622 0.003422693 -2.544645786 -0.013263680 -0.003364791 0.999906301 177.321319580
0.999916375 -0.006009113 0.011453093 -0.333628625 0.005973300 0.999977112 0.003158395 -2.553466320 -0.011471812 -0.003089719 0.999929428 178.725097656
0.999930501 -0.006541604 0.009807568 -0.327619225 0.006550418 0.999978185 -0.000866861 -2.583059311 -0.009801685 0.000931045 0.999951482 180.095611572
0.999958813 -0.004321110 0.007993596 -0.316602558 0.004364022 0.999976099 -0.005358627 -2.600323915 -0.007970250 0.005393289 0.999953628 181.505081177
0.999971151 -0.000083254 0.007584207 -0.325745136 0.000124693 0.999985039 -0.005463626 -2.638963938 -0.007583639 0.005464415 0.999956250 182.908157349
0.999963880 0.003805688 0.007592415 -0.331791401 -0.003769674 0.999981523 -0.004752163 -2.665188313 -0.007610361 0.004723370 0.999959886 184.315872192
0.999950469 0.005911055 0.008005429 -0.337903410 -0.005899645 0.999981523 -0.001448120 -2.688918829 -0.008013842 0.001400819 0.999966919 185.725234985
0.999943137 0.006627302 0.008352760 -0.335581541 -0.006634517 0.999977648 0.000836486 -2.715945244 -0.008347028 -0.000891855 0.999964774 187.122695923
0.999943852 0.006195990 0.008594749 -0.332671940 -0.006210243 0.999979317 0.001632601 -2.732483149 -0.008584457 -0.001685885 0.999961734 188.528015137
0.999959767 0.004328015 0.007861605 -0.316461205 -0.004344281 0.999988496 0.002053243 -2.745614529 -0.007852627 -0.002087313 0.999966979 189.987106323
0.999962032 0.001766385 0.008529172 -0.316279769 -0.001791582 0.999994040 0.002947509 -2.777697563 -0.008523914 -0.002962679 0.999959290 191.395828247
0.999958992 -0.000733019 0.009018872 -0.320269942 0.000708565 0.999996006 0.002714295 -2.786154270 -0.009020826 -0.002707794 0.999955654 192.842147827
0.999949336 -0.003970372 0.009246561 -0.297928065 0.003932724 0.999983847 0.004086094 -2.814660072 -0.009262634 -0.004049524 0.999948919 194.247406006
0.999916732 -0.008632867 0.009588751 -0.286463976 0.008576557 0.999945879 0.005898232 -2.834732533 -0.009639150 -0.005815502 0.999936640 195.693649292
0.999889195 -0.010886574 0.010145425 -0.272415847 0.010833382 0.999927342 0.005283229 -2.843781948 -0.010202203 -0.005172734 0.999934554 197.121063232
0.999906719 -0.008842614 0.010411233 -0.263430178 0.008832905 0.999960482 0.000978170 -2.862461567 -0.010419471 -0.000886117 0.999945343 198.563980103
0.999940038 -0.001462656 0.010855402 -0.264614195 0.001506655 0.999990821 -0.004046076 -2.882684708 -0.010849383 0.004062189 0.999932885 199.981201172
0.999894083 0.007901127 0.012225047 -0.269185364 -0.007850367 0.999960363 -0.004194586 -2.910128355 -0.012257704 0.004098170 0.999916494 201.432052612
0.999786854 0.015809640 0.013280394 -0.275330275 -0.015801219 0.999874830 -0.000738724 -2.930074215 -0.013290411 0.000528720 0.999911606 202.869003296
0.999774396 0.015978701 0.013994838 -0.261300713 -0.016008517 0.999869823 0.002021287 -2.963214874 -0.013960718 -0.002244868 0.999900043 204.311935425
0.999799550 0.014484934 0.013825714 -0.252505511 -0.014514669 0.999892473 0.002052747 -2.973562002 -0.013794493 -0.002253012 0.999902308 205.759185791
0.999861896 0.010811095 0.012620777 -0.230593428 -0.010842876 0.999938130 0.002452364 -3.000877380 -0.012593484 -0.002588870 0.999917328 207.216232300
0.999885917 0.009147503 0.012013032 -0.226428419 -0.009173987 0.999955595 0.002151270 -3.020909548 -0.011992820 -0.002261232 0.999925494 208.662307739
0.999895096 0.009212720 0.011175516 -0.205947161 -0.009228793 0.999956310 0.001387565 -3.037537813 -0.011162248 -0.001490555 0.999936581 210.148300171
0.999873161 0.011156437 0.011363618 -0.202988312 -0.011173494 0.999936461 0.001438749 -3.061559439 -0.011346845 -0.001565537 0.999934375 211.609420776
0.999869585 0.011837272 0.010983109 -0.190757915 -0.011865002 0.999926448 0.002463020 -3.086258173 -0.010953147 -0.002593014 0.999936640 213.066192627
0.999873519 0.011635862 0.010841674 -0.184099451 -0.011659472 0.999929786 0.002117037 -3.107003450 -0.010816279 -0.002243177 0.999938965 214.539199829
0.999872684 0.011469676 0.011091567 -0.184612513 -0.011481680 0.999933481 0.001019159 -3.130723476 -0.011079139 -0.001146379 0.999937952 216.008529663
0.999891162 0.010475884 0.010386982 -0.169628903 -0.010483225 0.999944806 0.000652430 -3.146967888 -0.010379572 -0.000761248 0.999945819 217.473175049
0.999886572 0.010974763 0.010307198 -0.166994274 -0.010981211 0.999939561 0.000569141 -3.169463158 -0.010300328 -0.000682262 0.999946713 218.943420410
0.999887168 0.011171805 0.010037740 -0.161475345 -0.011177630 0.999937356 0.000524334 -3.194149256 -0.010031254 -0.000636473 0.999949455 220.421325684
0.999889553 0.011182511 0.009787144 -0.154352963 -0.011185414 0.999937415 0.000241877 -3.216477871 -0.009783827 -0.000351323 0.999952078 221.903533936
0.999885499 0.011821944 0.009441519 -0.150706932 -0.011824039 0.999930084 0.000166091 -3.244024754 -0.009438896 -0.000277709 0.999955416 223.395980835
0.999889970 0.011771412 0.009018053 -0.141609505 -0.011771224 0.999930739 -0.000073698 -3.265608072 -0.009018296 -0.000032464 0.999959290 224.897125244
0.999884725 0.012268103 0.008942847 -0.144342408 -0.012268322 0.999924779 -0.000030267 -3.285446167 -0.008942546 -0.000079450 0.999960005 226.379074097
0.999894440 0.011379217 0.009032907 -0.138676733 -0.011379453 0.999935210 -0.000025341 -3.317015648 -0.009032610 -0.000077451 0.999959230 227.909240723
0.999915421 0.009498561 0.008879182 -0.129619181 -0.009498669 0.999954939 -0.000029961 -3.338699102 -0.008879066 -0.000054382 0.999960601 229.416213989
0.999916017 0.008820275 0.009497090 -0.131764904 -0.008822040 0.999961078 0.000143711 -3.369278908 -0.009495453 -0.000227483 0.999954879 230.909469604
0.999927461 0.007458806 0.009454071 -0.132711157 -0.007467555 0.999971688 0.000890414 -3.388059378 -0.009447161 -0.000960948 0.999954998 232.415039062
0.999921501 0.007754902 0.009834002 -0.118876554 -0.007765959 0.999969244 0.001086751 -3.416358948 -0.009825272 -0.001163036 0.999951005 233.918380737
0.999907196 0.008628333 0.010539368 -0.125722647 -0.008636581 0.999962509 0.000737272 -3.434909582 -0.010532610 -0.000828228 0.999944150 235.428710938
0.999910414 0.008688960 0.010184021 -0.106435798 -0.008693777 0.999962091 0.000428810 -3.468070030 -0.010179908 -0.000517310 0.999947965 236.930221558
0.999885261 0.010369056 0.011036661 -0.106904119 -0.010380222 0.999945700 0.000954793 -3.488974810 -0.011026162 -0.001069246 0.999938607 238.427627563
0.999872446 0.010816921 0.011748901 -0.098945133 -0.010854376 0.999936223 0.003128982 -3.514635563 -0.011714305 -0.003256110 0.999926090 239.946029663
0.999872446 0.010455829 0.012075297 -0.081713118 -0.010494919 0.999939859 0.003178282 -3.526810408 -0.012041338 -0.003304606 0.999922037 241.461868286
0.999846756 0.011522301 0.013179264 -0.079902813 -0.011549683 0.999931276 0.002003662 -3.556405544 -0.013155271 -0.002155571 0.999911129 242.971939087
0.999834120 0.011972339 0.013733364 -0.064255387 -0.011982360 0.999927938 0.000647514 -3.576735258 -0.013724623 -0.000811964 0.999905467 244.487075806
0.999831915 0.011913616 0.013935248 -0.049391009 -0.011933022 0.999927878 0.001310310 -3.602087736 -0.013918634 -0.001476379 0.999902070 246.022064209
0.999841809 0.011650528 0.013441272 -0.025120620 -0.011683790 0.999928892 0.002398763 -3.625062943 -0.013412371 -0.002555429 0.999906778 247.567901611
0.999841213 0.011901861 0.013260737 -0.014089099 -0.011939446 0.999924898 0.002758743 -3.646727324 -0.013226908 -0.002916631 0.999908209 249.099639893
0.999838591 0.012153286 0.013231384 0.001582891 -0.012193895 0.999921203 0.002992878 -3.669022083 -0.013193968 -0.003153737 0.999907970 250.628082275
0.999822617 0.013479216 0.013147920 0.016485101 -0.013523057 0.999903262 0.003251187 -3.691373587 -0.013102824 -0.003428410 0.999908268 252.179092407
0.999795437 0.015124129 0.013427015 0.025359280 -0.015161644 0.999881387 0.002696520 -3.704994678 -0.013384640 -0.002899544 0.999906242 253.712860107
0.999793708 0.015209441 0.013461488 0.035221577 -0.015254811 0.999878228 0.003274358 -3.731571198 -0.013410050 -0.003479036 0.999904037 255.246658325
0.999809802 0.013831219 0.013744001 0.042619925 -0.013880461 0.999897540 0.003493890 -3.751127958 -0.013694268 -0.003683999 0.999899447 256.796691895
0.999830425 0.012377622 0.013636641 0.058124851 -0.012436358 0.999913692 0.004230922 -3.769988060 -0.013583097 -0.004399794 0.999898076 258.323303223
0.999850571 0.010108182 0.014023338 0.071907125 -0.010175394 0.999937057 0.004729803 -3.784210205 -0.013974645 -0.004871788 0.999890506 259.864074707
0.999865770 0.008750571 0.013848874 0.087944470 -0.008811967 0.999951661 0.004378645 -3.806380510 -0.013809889 -0.004500093 0.999894559 261.397827148
0.999879181 0.007634392 0.013542151 0.100773700 -0.007678807 0.999965310 0.003230687 -3.830079317 -0.013517017 -0.003334285 0.999903083 262.930358887
0.999880016 0.005708121 0.014398157 0.110634193 -0.005776229 0.999972343 0.004693110 -3.844978571 -0.014370969 -0.004775714 0.999885380 264.467620850
0.999881208 0.004188049 0.014842845 0.117568716 -0.004285563 0.999969423 0.006544070 -3.860416889 -0.014814983 -0.006606902 0.999868453 265.998199463
0.999885201 0.003217352 0.014811505 0.134276405 -0.003308306 0.999975860 0.006120333 -3.880388737 -0.014791454 -0.006168631 0.999871612 267.536315918
0.999884069 0.002401220 0.015033100 0.158486664 -0.002472628 0.999985754 0.004733257 -3.890544415 -0.015021521 -0.004769881 0.999875784 269.091674805
0.999873102 0.003634216 0.015507194 0.175583228 -0.003699697 0.999984384 0.004196064 -3.908048630 -0.015491701 -0.004252903 0.999870956 270.623352051
0.999850512 0.004940324 0.016568325 0.192554206 -0.005014122 0.999977648 0.004415579 -3.932173729 -0.016546136 -0.004497996 0.999853015 272.184967041
0.999825537 0.005846192 0.017741797 0.201544330 -0.005922925 0.999973357 0.004275518 -3.950697184 -0.017716330 -0.004379855 0.999833465 273.710113525
0.999801755 0.007328406 0.018512640 0.225150019 -0.007400846 0.999965131 0.003847554 -3.969424248 -0.018483799 -0.003983800 0.999821246 275.275207520
0.999779165 0.007912901 0.019467536 0.249365434 -0.007991225 0.999960303 0.003948865 -3.996822596 -0.019435510 -0.004103563 0.999802709 276.819000244
0.999755979 0.009350730 0.020012101 0.282096773 -0.009416291 0.999950528 0.003184363 -4.031316280 -0.019981336 -0.003372026 0.999794662 278.341125488
0.999744713 0.008117524 0.021089541 0.307434142 -0.008182230 0.999961972 0.002983721 -4.051266193 -0.021064520 -0.003155518 0.999773145 279.905548096
0.999722123 0.008322204 0.022055645 0.331318468 -0.008389296 0.999960482 0.002951232 -4.071718693 -0.022030212 -0.003135443 0.999752343 281.483581543
0.999718606 0.007342311 0.022557259 0.362179071 -0.007428467 0.999965370 0.003738072 -4.089916229 -0.022529034 -0.003904585 0.999738574 283.055633545
0.999719381 0.006337754 0.022825960 0.389116585 -0.006430571 0.999971330 0.003995121 -4.111832619 -0.022799989 -0.004140784 0.999731481 284.616210938
0.999728680 0.006188734 0.022456508 0.429270148 -0.006219335 0.999979794 0.001293172 -4.133997440 -0.022448054 -0.001432485 0.999746978 286.187011719
0.999740601 0.004806403 0.022263169 0.460194558 -0.004790566 0.999988258 -0.000764557 -4.157285690 -0.022266584 0.000657705 0.999751866 287.761383057
0.999757469 0.004506622 0.021557171 0.487573415 -0.004491391 0.999989629 -0.000754888 -4.181808949 -0.021560354 0.000657883 0.999767303 289.316467285
0.999783814 0.003443447 0.020502105 0.513220549 -0.003427600 0.999993742 -0.000808025 -4.204449177 -0.020504763 0.000737578 0.999789476 290.886993408
0.999807656 0.003342754 0.019324098 0.536575675 -0.003314567 0.999993384 -0.001490480 -4.229330540 -0.019328956 0.001426142 0.999812126 292.438903809
0.999815881 0.003558631 0.018854534 0.557605505 -0.003525751 0.999992192 -0.001776850 -4.255628586 -0.018860711 0.001710046 0.999820650 294.006469727
0.999829054 0.003739652 0.018107761 0.583228946 -0.003716183 0.999992192 -0.001329598 -4.281985283 -0.018112591 0.001262079 0.999835134 295.581848145
0.999849141 0.003296215 0.017053796 0.604160488 -0.003277223 0.999993980 -0.001141498 -4.314168453 -0.017057456 0.001085436 0.999853909 297.139587402
0.999865115 0.003222943 0.016103841 0.623210430 -0.003228660 0.999994755 0.000329008 -4.341001034 -0.016102696 -0.000380957 0.999870300 298.712707520
0.999871373 0.004481636 0.015400361 0.638476670 -0.004504138 0.999988794 0.001426763 -4.358611584 -0.015393794 -0.001495945 0.999880373 300.303802490
0.999859273 0.004646291 0.016118512 0.653092563 -0.004674262 0.999987602 0.001698012 -4.383719444 -0.016110424 -0.001773115 0.999868631 301.888488770
0.999845386 0.004981974 0.016864920 0.673621655 -0.005009050 0.999986172 0.001563645 -4.408649445 -0.016856898 -0.001647880 0.999856532 303.490112305
0.999840319 0.003994185 0.017418511 0.687302649 -0.004016411 0.999991179 0.001241122 -4.427755356 -0.017413402 -0.001310884 0.999847472 305.072235107
0.999846041 0.001949229 0.017438984 0.711930692 -0.001955342 0.999998033 0.000333486 -4.454002857 -0.017438300 -0.000367534 0.999847829 306.665771484
0.999837279 0.000497239 0.018029325 0.733552992 -0.000466639 0.999998450 -0.001701436 -4.476857662 -0.018030141 0.001692746 0.999836028 308.259185791
0.999839604 0.000295172 0.017906718 0.752643704 -0.000246707 0.999996305 -0.002708671 -4.502882957 -0.017907452 0.002703818 0.999835968 309.856994629
0.999880373 0.000546574 0.015459565 0.772591054 -0.000487122 0.999992490 -0.003849118 -4.532219887 -0.015461552 0.003841127 0.999873102 311.470397949
0.999900937 0.002258376 0.013890838 0.778564215 -0.002214721 0.999992549 -0.003157305 -4.556873322 -0.013897865 0.003126228 0.999898553 313.077331543
0.999907315 0.003522843 0.013157126 0.796591341 -0.003522882 0.999993742 -0.000020233 -4.581682682 -0.013157115 -0.000026120 0.999913454 314.712829590
0.999898911 0.001509652 0.014138386 0.806329131 -0.001556709 0.999993265 0.003317905 -4.612740993 -0.014133282 -0.003339579 0.999894559 316.341308594
0.999907732 0.001116592 0.013539759 0.832514703 -0.001166082 0.999992609 0.003647782 -4.623779774 -0.013535585 -0.003663234 0.999901652 317.967742920
0.999898732 -0.000480265 0.014221781 0.840591788 0.000440309 0.999995947 0.002812496 -4.650197983 -0.014223075 -0.002805949 0.999894917 319.591522217
0.999884844 -0.001967774 0.015041073 0.845987797 0.001917736 0.999992669 0.003340476 -4.675281048 -0.015047533 -0.003311247 0.999881327 321.205657959
0.999884188 -0.001547824 0.015140418 0.859557450 0.001501988 0.999994278 0.003038239 -4.692456722 -0.015145034 -0.003015147 0.999880791 322.838195801
0.999876201 -0.001629125 0.015650881 0.879252136 0.001581281 0.999994040 0.003068849 -4.715989590 -0.015655788 -0.003043720 0.999872804 324.457946777
0.999873519 -0.000514844 0.015894558 0.896951258 0.000483073 0.999997914 0.002002648 -4.734814167 -0.015895555 -0.001994717 0.999871671 326.075653076
0.999865890 0.000591947 0.016367096 0.917718112 -0.000615545 0.999998748 0.001436769 -4.764503479 -0.016366221 -0.001446651 0.999864995 327.691314697
0.999858499 -0.000906159 0.016798407 0.940980554 0.000848921 0.999993801 0.003414178 -4.789309502 -0.016801393 -0.003399434 0.999853075 329.329742432
0.999849141 -0.002029600 0.017251672 0.955727994 0.001953854 0.999988377 0.004406362 -4.813510418 -0.017260417 -0.004371990 0.999841452 330.927459717
0.999851465 -0.003317920 0.016911620 0.983282149 0.003266158 0.999989927 0.003087434 -4.836690903 -0.016921690 -0.003031740 0.999852240 332.573364258
0.999855280 -0.001334292 0.016955778 1.001930237 0.001286346 0.999995172 0.002838342 -4.852758408 -0.016959485 -0.002816120 0.999852240 334.192077637
0.999878168 -0.000612311 0.015597555 1.023969889 0.000592745 0.999999046 0.001259062 -4.882865906 -0.015598311 -0.001249663 0.999877572 335.780364990
0.999869108 0.002351168 0.016005393 1.031199098 -0.002319959 0.999995351 -0.001968170 -4.908782959 -0.016009944 0.001930780 0.999869943 337.398864746
0.999879658 0.003442376 0.015124847 1.045416951 -0.003419948 0.999992967 -0.001508456 -4.936327457 -0.015129934 0.001456548 0.999884486 339.014770508
0.999894559 0.004173372 0.013905520 1.059136987 -0.004201688 0.999989152 0.002007678 -4.965686798 -0.013896989 -0.002065893 0.999901295 340.590911865
0.999906123 0.004891410 0.012800418 1.073998332 -0.004957745 0.999974370 0.005155572 -4.993115902 -0.012774874 -0.005218550 0.999904752 342.200469971
0.999919474 0.005591861 0.011393168 1.084613204 -0.005634302 0.999977291 0.003696501 -5.012143135 -0.011372241 -0.003760396 0.999928236 343.800262451
0.999944329 0.004893329 0.009351371 1.094250321 -0.004912423 0.999985814 0.002020051 -5.032464981 -0.009341354 -0.002065877 0.999954224 345.389831543
0.999968171 0.003314972 0.007248177 1.103714824 -0.003339062 0.999988854 0.003313969 -5.053964138 -0.007237110 -0.003338065 0.999968231 346.979766846
0.999978781 0.001706827 0.006278061 1.106990337 -0.001730299 0.999991536 0.003735178 -5.077268600 -0.006271633 -0.003745962 0.999973297 348.571258545
0.999981046 0.001762984 0.005896511 1.106144309 -0.001780643 0.999993920 0.002990842 -5.099985123 -0.005891203 -0.003001285 0.999978125 350.162780762
0.999986768 0.000434845 0.005117569 1.109177828 -0.000444061 0.999998271 0.001799849 -5.117916584 -0.005116777 -0.001802098 0.999985278 351.752471924
0.999987066 0.000047901 0.005081831 1.110385895 -0.000054891 0.999999046 0.001375222 -5.136520386 -0.005081760 -0.001375483 0.999986112 353.348999023
0.999985814 -0.000313840 0.005322501 1.104180336 0.000307241 0.999999166 0.001240628 -5.161155701 -0.005322886 -0.001238975 0.999985039 354.943695068
0.999989450 -0.000862119 0.004518157 1.118998766 0.000862394 0.999999642 -0.000058874 -5.179212093 -0.004518105 0.000062770 0.999989808 356.535827637
0.999986768 -0.000372390 0.005124801 1.107814789 0.000374148 0.999999881 -0.000342125 -5.209858418 -0.005124673 0.000344038 0.999986768 358.141876221
0.999986112 -0.000932724 0.005183495 1.108412862 0.000933447 0.999999523 -0.000137101 -5.236176491 -0.005183365 0.000141938 0.999986529 359.726196289
0.999988198 -0.000980530 0.004754963 1.118548632 0.000984436 0.999999166 -0.000819129 -5.266184330 -0.004754156 0.000823801 0.999988377 361.324523926
0.999985695 -0.002480147 0.004740466 1.119377494 0.002490921 0.999994338 -0.002268155 -5.293101311 -0.004734813 0.002279931 0.999986172 362.907287598
0.999979854 -0.004168604 0.004788984 1.116222501 0.004169766 0.999991238 -0.000232762 -5.323753357 -0.004787971 0.000252726 0.999988496 364.483764648
0.999971926 -0.005900726 0.004603677 1.125617981 0.005897632 0.999982417 0.000685525 -5.351418495 -0.004607641 -0.000658355 0.999989152 366.071319580
0.999969542 -0.006135328 0.004826006 1.120885253 0.006139204 0.999980867 -0.000788768 -5.373267651 -0.004821075 0.000818372 0.999987960 367.669677734
0.999974310 -0.004753445 0.005363069 1.108702660 0.004760983 0.999987721 -0.001393647 -5.397502899 -0.005356378 0.001419144 0.999984682 369.274658203
0.999976397 -0.003749106 0.005755425 1.106369376 0.003751945 0.999992847 -0.000482624 -5.430100918 -0.005753573 0.000504206 0.999983311 370.873046875
0.999978423 -0.001966925 0.006271777 1.106022000 0.001968473 0.999998033 -0.000240783 -5.447725296 -0.006271291 0.000253123 0.999980330 372.480285645
0.999980450 -0.002580987 0.005697937 1.117435098 0.002582826 0.999996603 -0.000315333 -5.478512287 -0.005697104 0.000330043 0.999983728 374.086730957
0.999977946 -0.002224064 0.006253478 1.104137421 0.002231139 0.999996841 -0.001124715 -5.502082348 -0.006250957 0.001138642 0.999979854 375.675628662
0.999979675 -0.001744383 0.006136768 1.105214834 0.001753246 0.999997377 -0.001438994 -5.531879425 -0.006134242 0.001449724 0.999980152 377.265441895
0.999976993 -0.001451042 0.006638730 1.114679337 0.001458901 0.999998212 -0.001178986 -5.565866947 -0.006637008 0.001188644 0.999977350 378.888732910
0.999978602 0.000112925 0.006544258 1.111467719 -0.000103679 0.999998927 -0.001413163 -5.585432529 -0.006544411 0.001412455 0.999977589 380.506835938
0.999974430 0.001596694 0.006970825 1.115976453 -0.001591408 0.999998391 -0.000763753 -5.614043713 -0.006972034 0.000752640 0.999975443 382.112884521
0.999962926 0.003480409 0.007876760 1.099852204 -0.003468756 0.999992967 -0.001492512 -5.643645763 -0.007881898 0.001465134 0.999967873 383.742736816
0.999953508 0.004853114 0.008334781 1.101416469 -0.004830366 0.999984622 -0.002747240 -5.664590359 -0.008347985 0.002706852 0.999961495 385.356018066
